Xx,Xy,Xz,0,Yx,Yy,Yz,0,Zx,Zy,Zz,0,Px,Py,Pz,1
-0.8080607023887484,-0.4025584871051133,0.43009832098561485,0.0,-0.259427119465769,0.8986586020112237,0.35370932517665765,0.0,-0.5289002466823931,0.17423943724333835,-0.8306052898750577,0.0,1015.663,-97.245,-136.568,1.0
-0.8080562311475886,-0.40257368967216167,0.4300924920339027,0.0,-0.2594458872991357,0.8986534935235861,0.3537085384296705,0.0,-0.5288978718843126,0.17423066027031991,-0.830608643197655,0.0,1015.6625414984298,-97.18464737550471,-136.5677590847914,1.0
-0.8080517596034119,-0.4025888921581438,0.43008666310320687,0.0,-0.25946465503831295,0.8986483847091786,0.35370775155766115,0.0,-0.5288954969124071,0.1742218833470852,-0.8306119965274493,0.0,1015.6620829968596,-97.12429475100943,-136.5675181695828,1.0
-0.8080472877562197,-0.4026040945630544,0.4300808341935293,0.0,-0.25948342268329394,0.898643275568003,0.35370696456062994,0.0,-0.5288931217666778,0.17421310647363733,-0.8306153498644394,0.0,1015.6616244952894,-97.06394212651414,-136.56727725437418,1.0
-0.8080428156060138,-0.4026192968868878,0.43007500530487236,0.0,-0.25950219023407184,0.8986381661000614,0.3537061774385772,0.0,-0.5288907464471254,0.1742043296499795,-0.830618703208624,0.0,1015.6611659937191,-97.00358950201884,-136.56703633916555,1.0
-0.8080383431527955,-0.4026344991296385,0.430069176437238,0.0,-0.2595209576906398,0.8986330563053552,0.35370539019150304,0.0,-0.5288883709537507,0.1741955528761149,-0.8306220565600017,0.0,1015.660707492149,-96.94323687752356,-136.56679542395693,1.0
-0.8080338703965668,-0.4026497012913011,0.43006334759062836,0.0,-0.25953972505299105,0.8986279461838864,0.3537046028194078,0.0,-0.5288859952865546,0.17418677615204672,-0.8306254099185714,0.0,1015.6602489905788,-96.88288425302827,-136.56655450874834,1.0
-0.8080293973373293,-0.40266490337187005,0.4300575187650456,0.0,-0.2595584923211189,0.8986228357356572,0.3537038153222919,0.0,-0.5288836194455381,0.17417799947777812,-0.830628763284332,0.0,1015.6597904890085,-96.82253162853299,-136.56631359353972,1.0
-0.8080249239750842,-0.40268010537133975,0.4300516899604918,0.0,-0.2595772594950164,0.898617724960669,0.3537030277001556,0.0,-0.5288812434307018,0.1741692228533123,-0.8306321166572823,0.0,1015.6593319874383,-96.76217900403769,-136.5660726783311,1.0
-0.8080204503098336,-0.4026953072897049,0.430045861176969,0.0,-0.25959602657467684,0.898612613858924,0.353702239952999,0.0,-0.5288788672420467,0.17416044627865238,-0.8306354700374209,0.0,1015.6588734858681,-96.7018263795424,-136.56583176312247,1.0
-0.8080159763415788,-0.40271050912695966,0.4300400324144795,0.0,-0.25961479356009337,0.8986075024304238,0.3537014520808225,0.0,-0.5288764908795737,0.1741516697538016,-0.8306388234247466,0.0,1015.6584149842979,-96.64147375504712,-136.56559084791388,1.0
-0.8080115020703215,-0.40272571088309883,0.4300342036730252,0.0,-0.2596335604512592,0.8986023906751702,0.3537006640836265,0.0,-0.5288741143432836,0.17414289327876317,-0.8306421768192584,0.0,1015.6579564827277,-96.58112113055182,-136.56534993270526,1.0
-0.8080070274960635,-0.4027409125581167,0.4300283749526083,0.0,-0.25965232724816756,0.8985972785931653,0.353699875961411,0.0,-0.5288717376331772,0.1741341168535402,-0.8306455302209549,0.0,1015.6574979811575,-96.52076850605653,-136.56510901749664,1.0
-0.808002552618806,-0.402756114152008,0.43002254625323094,0.0,-0.25967109395081156,0.8985921661844108,0.35369908771417663,0.0,-0.5288693607492555,0.17412534047813588,-0.8306488836298349,0.0,1015.6570394795873,-96.46041588156125,-136.56486810228805,1.0
-0.8079980774385512,-0.402771315664767,0.43001671757489524,0.0,-0.2596898605591845,0.8985870534489087,0.35369829934192343,0.0,-0.5288669836915194,0.17411656415255342,-0.8306522370458973,0.0,1015.656580978017,-96.40006325706595,-136.56462718707942,1.0
-0.8079936019553003,-0.40278651709638824,0.43001088891760325,0.0,-0.25970862707327963,0.8985819403866606,0.3536975108446518,0.0,-0.5288646064599696,0.17410778787679598,-0.8306555904691407,0.0,1015.6561224764469,-96.33971063257066,-136.5643862718708,1.0
-0.8079891261690552,-0.40280171844686624,0.4300050602813571,0.0,-0.2597273934930901,0.8985768269976686,0.353696722222362,0.0,-0.528862229054607,0.17409901165086675,-0.8306589438995641,0.0,1015.6556639748767,-96.27935800807538,-136.56414535666218,1.0
-0.8079846500798172,-0.40281691971619543,0.4299992316661589,0.0,-0.25974615981860893,0.8985717132819344,0.3536959334750543,0.0,-0.5288598514754325,0.1740902354747689,-0.8306622973371661,0.0,1015.6552054733064,-96.21900538358008,-136.5639044414536,1.0
-0.8079801736875881,-0.4028321209043705,0.4299934030720108,0.0,-0.25976492604982954,0.8985665992394599,0.35369514460272894,0.0,-0.5288574737224468,0.17408145934850563,-0.8306656507819455,0.0,1015.6547469717362,-96.1586527590848,-136.56366352624497,1.0
-0.8079756969923696,-0.4028473220113856,0.4299875744989149,0.0,-0.25978369218674513,0.898561484870247,0.35369435560538626,0.0,-0.5288550957956512,0.17407268327208011,-0.8306690042339013,0.0,1015.654288470166,-96.09830013458951,-136.56342261103634,1.0
-0.8079712199941632,-0.4028625230372356,0.4299817459468732,0.0,-0.2598024582293487,0.8985563701742975,0.3536935664830265,0.0,-0.528852717695046,0.1740639072454955,-0.830672357693032,0.0,1015.6538299685958,-96.03794751009421,-136.56318169582775,1.0
-0.8079667426929704,-0.4028777239819147,0.429975917415888,0.0,-0.25982122417763365,0.8985512551516133,0.35369277723565007,0.0,-0.5288503394206324,0.17405513126875502,-0.8306757111593366,0.0,1015.6533714670256,-95.97759488559893,-136.56294078061913,1.0
-0.8079622650887932,-0.4028929248454176,0.42997008890596133,0.0,-0.2598399900315931,0.8985461398021962,0.35369198786325723,0.0,-0.5288479609724114,0.1740463553418618,-0.8306790646328138,0.0,1015.6529129654554,-95.91724226110364,-136.5626998654105,1.0
-0.807957787181633,-0.4029081256277387,0.4299642604170953,0.0,-0.25985875579122025,0.8985410241260481,0.35369119836584817,0.0,-0.5288455823503835,0.17403757946481907,-0.8306824181134624,0.0,1015.6524544638852,-95.85688963660834,-136.5624589502019,1.0
-0.8079533089714914,-0.4029233263288724,0.4299584319492919,0.0,-0.2598775214565084,0.8985359081231707,0.35369040874342317,0.0,-0.5288432035545496,0.17402880363762996,-0.8306857716012811,0.0,1015.6519959623149,-95.79653701211306,-136.5622180349933,1.0
-0.8079488304583698,-0.4029385269488133,0.4299526035025535,0.0,-0.25989628702745055,0.898530791793566,0.35368961899598256,0.0,-0.5288408245849108,0.1740200278602977,-0.8306891250962688,0.0,1015.6515374607447,-95.73618438761777,-136.56197711978467,1.0
-0.8079443516422705,-0.4029537274875559,0.42994677507688195,0.0,-0.25991505250404007,0.898525675137236,0.3536888291235266,0.0,-0.5288384454414679,0.17401125213282542,-0.8306924785984242,0.0,1015.6510789591746,-95.67583176312247,-136.56173620457605,1.0
-0.8079398725231944,-0.40296892794509465,0.4299409466722796,0.0,-0.2599338178862701,0.8985205581541823,0.35368803912605573,0.0,-0.5288360661242216,0.17400247645521633,-0.8306958321077461,0.0,1015.6506204576043,-95.6154791386272,-136.56149528936743,1.0
-0.8079353931011434,-0.4029841283214241,0.42993511828874836,0.0,-0.2599525831741338,0.8985154408444068,0.35368724900357,0.0,-0.5288336866331729,0.17399370082747362,-0.8306991856242333,0.0,1015.6501619560341,-95.5551265141319,-136.56125437415884,1.0
-0.8079309133761193,-0.4029993286165387,0.4299292899262904,0.0,-0.2599713483676245,0.8985103232079114,0.3536864587560699,0.0,-0.5288313069683226,0.17398492524960046,-0.8307025391478847,0.0,1015.6497034544639,-95.49477388963662,-136.5610134589502,1.0
-0.8079264333481233,-0.4030145288304329,0.42992346158490796,0.0,-0.25999011346673523,0.8985052052446979,0.35368566838355553,0.0,-0.5288289271296716,0.1739761497216,-0.8307058926786989,0.0,1015.6492449528937,-95.43442126514132,-136.5607725437416,1.0
-0.8079219530171576,-0.40302972896310124,0.42991763326460297,0.0,-0.26000887847145926,0.8985000869547681,0.3536848778860273,0.0,-0.5288265471172208,0.17396737424347547,-0.8307092462166747,0.0,1015.6487864513235,-95.37406864064603,-136.560531628533,1.0
-0.8079174723832234,-0.40304492901453826,0.4299118049653777,0.0,-0.26002764338178996,0.8984949683381244,0.3536840872634855,0.0,-0.5288241669309709,0.17395859881523001,-0.8307125997618111,0.0,1015.6483279497533,-95.31371601615075,-136.56029071332438,1.0
-0.8079129914463223,-0.40306012898473836,0.4299059766872341,0.0,-0.26004640819772024,0.8984898493947678,0.35368329651593033,0.0,-0.5288217865709229,0.17394982343686682,-0.8307159533141066,0.0,1015.6478694481831,-95.25336339165545,-136.56004979811576,1.0
-0.8079085102064563,-0.40307532887369607,0.42990014843017443,0.0,-0.26006517291924347,0.8984847301247008,0.3536825056433622,0.0,-0.5288194060370778,0.1739410481083891,-0.8307193068735602,0.0,1015.6474109466128,-95.19301076716016,-136.55980888290713,1.0
-0.8079040286636268,-0.40309052868140594,0.4298943201942008,0.0,-0.2600839375463528,0.8984796105279249,0.35368171464578124,0.0,-0.5288170253294362,0.17393227282979995,-0.8307226604401706,0.0,1015.6469524450426,-95.13265814266488,-136.55956796769854,1.0
-0.807899546817835,-0.40310572840786235,0.42988849197931506,0.0,-0.26010270207904146,0.8984744906044421,0.35368092352318786,0.0,-0.5288146444479991,0.17392349760110262,-0.8307260140139365,0.0,1015.6464939434724,-95.07230551816959,-136.55932705248992,1.0
-0.8078950646690832,-0.4031209280530598,0.42988266378551965,0.0,-0.26012146651730267,0.8984693703542541,0.3536801322755823,0.0,-0.5288122633927672,0.1739147224223003,-0.8307293675948569,0.0,1015.6460354419022,-95.01195289367429,-136.5590861372813,1.0
-0.8078905822173729,-0.40313612761699297,0.42987683561281653,0.0,-0.26014023086112964,0.8984642497773632,0.35367934090296493,0.0,-0.5288098821637416,0.1739059472933961,-0.8307327211829304,0.0,1015.645576940332,-94.95160026917901,-136.5588452220727,1.0
-0.8078860994627053,-0.4031513270996561,0.4298710074612078,0.0,-0.2601589951105155,0.8984591288737707,0.3536785494053359,0.0,-0.528807500760923,0.17389717221439324,-0.8307360747781558,0.0,1015.6451184387618,-94.89124764468372,-136.55860430686408,1.0
-0.8078816164050825,-0.4031665265010439,0.42986517933069573,0.0,-0.2601777592654534,0.8984540076434788,0.3536777577826956,0.0,-0.5288051191843124,0.17388839718529492,-0.8307394283805319,0.0,1015.6446599371916,-94.83089502018842,-136.55836339165546,1.0
-0.8078771330445057,-0.4031817258211507,0.42985935122128216,0.0,-0.26019652332593673,0.8984488860864893,0.3536769660350443,0.0,-0.5288027374339106,0.17387962220610434,-0.8307427819900577,0.0,1015.6442014356213,-94.77054239569314,-136.55812247644684,1.0
-0.8078726493809769,-0.40319692505997107,0.4298535231329694,0.0,-0.26021528729195853,0.8984437642028038,0.3536761741623821,0.0,-0.5288003555097183,0.17387084727682459,-0.8307461356067316,0.0,1015.6437429340511,-94.71018977119785,-136.55788156123825,1.0
-0.8078681654144976,-0.40321212421749947,0.42984769506575954,0.0,-0.26023405116351206,0.8984386419924246,0.3536753821647096,0.0,-0.5287979734117366,0.1738620723974589,-0.8307494892305527,0.0,1015.643284432481,-94.64983714670257,-136.55764064602963,1.0
-0.8078636811450693,-0.40322732329373046,0.4298418670196546,0.0,-0.26025281494059055,0.8984335194553532,0.35367459004202695,0.0,-0.5287955911399662,0.1738532975680105,-0.8307528428615196,0.0,1015.6428259309107,-94.58948452220727,-136.557399730821,1.0
-0.8078591965726938,-0.40324252228865837,0.4298360389946568,0.0,-0.2602715786231871,0.8984283965915916,0.3536737977943344,0.0,-0.528793208694408,0.17384452278848245,-0.8307561964996312,0.0,1015.6423674293405,-94.52913189771198,-136.55715881561238,1.0
-0.8078547116973726,-0.4032577212022778,0.4298302109907681,0.0,-0.26029034221129504,0.8984232734011417,0.3536730054216322,0.0,-0.528790826075063,0.17383574805887803,-0.8307595501448861,0.0,1015.6419089277703,-94.4687792732167,-136.5569179004038,1.0
-0.8078502265191073,-0.4032729200345834,0.4298243830079909,0.0,-0.2603091057049075,0.8984181498840051,0.3536722129239207,0.0,-0.528788443281932,0.17382697337920042,-0.8307629037972835,0.0,1015.6414504262001,-94.4084266487214,-136.55667698519517,1.0
-0.8078457410378997,-0.4032881187855694,0.4298185550463271,0.0,-0.2603278691040177,0.898413026040184,0.35367142030120025,0.0,-0.5287860603150156,0.1738181987494527,-0.8307662574568215,0.0,1015.6409919246299,-94.34807402422611,-136.55643606998655,1.0
-0.8078412552537514,-0.4033033174552304,0.42981272710577867,0.0,-0.2603466324086188,0.8984079018696801,0.35367062755347106,0.0,-0.5287836771743152,0.17380942416963815,-0.8307696111234997,0.0,1015.6405334230597,-94.28772139973083,-136.55619515477795,1.0
-0.8078367691666638,-0.403318516043561,0.42980689918634807,0.0,-0.2603653956187041,0.8984027773724953,0.35366983468073343,0.0,-0.5287812938598311,0.17380064963975994,-0.8307729647973162,0.0,1015.6400749214895,-94.22736877523553,-136.55595423956933,1.0
-0.8078322827766388,-0.4033337145505555,0.42980107128803713,0.0,-0.2603841587342667,0.8983976525486314,0.35366904168298763,0.0,-0.5287789103715644,0.1737918751598212,-0.8307763184782702,0.0,1015.6396164199192,-94.16701615074025,-136.5557133243607,1.0
-0.8078277960836778,-0.4033489129762085,0.4297952434108481,0.0,-0.26040292175529983,0.8983925273980902,0.35366824856023393,0.0,-0.5287765267095161,0.17378310072982514,-0.8307796721663603,0.0,1015.639157918349,-94.10666352624496,-136.5554724091521,1.0
-0.8078233090877825,-0.40336411132051453,0.42978941555478306,0.0,-0.26042168468179666,0.8983874019208736,0.35366745531247273,0.0,-0.528774142873687,0.1737743263497749,-0.8307830258615853,0.0,1015.6386994167789,-94.04631090174966,-136.5552314939435,1.0
-0.8078188217889547,-0.40337930958346796,0.4297835877198442,0.0,-0.26044044751375045,0.8983822761169834,0.35366666193970414,0.0,-0.5287717588640777,0.17376555201967375,-0.830786379563944,0.0,1015.6382409152086,-93.98595827725438,-136.55499057873487,1.0
-0.8078143341871958,-0.40339450776506336,0.42977775990603345,0.0,-0.2604592102511544,0.8983771499864219,0.35366586844192865,0.0,-0.5287693746806894,0.17375677773952478,-0.8307897332734353,0.0,1015.6377824136384,-93.92560565275909,-136.55474966352625,1.0
-0.8078098462825075,-0.40340970586529523,0.4297719321133531,0.0,-0.2604779728940017,0.8983720235291904,0.35366507481914644,0.0,-0.5287669903235228,0.1737480035093312,-0.8307930869900577,0.0,1015.6373239120682,-93.8652530282638,-136.55450874831766,1.0
-0.8078053580748914,-0.403424903884158,0.42976610434180507,0.0,-0.2604967354422856,0.8983668967452909,0.3536642810713577,0.0,-0.5287646057925788,0.17373922932909622,-0.8307964407138103,0.0,1015.636865410498,-93.80490040376851,-136.55426783310904,1.0
-0.8078008695643492,-0.4034401018216462,0.42976027659139165,0.0,-0.26051549789599915,0.8983617696347254,0.35366348719856294,0.0,-0.5287622210878582,0.17373045519882296,-0.8307997944446919,0.0,1015.6364069089278,-93.74454777927322,-136.55402691790042,1.0
-0.8077963807508824,-0.40345529967775445,0.42975444886211495,0.0,-0.2605342602551357,0.8983566421974957,0.3536626932007622,0.0,-0.528759836209362,0.17372168111851466,-0.8308031481827008,0.0,1015.6359484073575,-93.68419515477792,-136.5537860026918,1.0
-0.8077918916344928,-0.40347049745247704,0.42974862115397694,0.0,-0.2605530225196883,0.8983515144336035,0.353661899077956,0.0,-0.5287574511570909,0.17371290708817444,-0.8308065019278364,0.0,1015.6354899057874,-93.62384253028264,-136.5535450874832,1.0
-0.807787402215182,-0.40348569514580856,0.42974279346697986,0.0,-0.2605717846896504,0.898346386343051,0.3536611048301445,0.0,-0.5287550659310459,0.17370413310780553,-0.8308098556800971,0.0,1015.6350314042171,-93.56348990578735,-136.55330417227458,1.0
-0.8077829124929514,-0.40350089275774353,0.4297369658011257,0.0,-0.26059054676501503,0.8983412579258397,0.35366031045732804,0.0,-0.5287526805312279,0.17369535917741105,-0.8308132094394818,0.0,1015.6345729026469,-93.50313728129206,-136.55306325706596,1.0
-0.8077784224678028,-0.40351609028827634,0.42973113815641667,0.0,-0.26060930874577537,0.8983361291819717,0.35365951595950684,0.0,-0.5287502949576376,0.17368658529699424,-0.8308165632059893,0.0,1015.6341144010768,-93.44278465679677,-136.55282234185734,1.0
-0.8077739321397379,-0.40353128773740155,0.42972531053285484,0.0,-0.2606280706319246,0.8983310001114486,0.3536587213366812,0.0,-0.5287479092102759,0.17367781146655828,-0.8308199169796183,0.0,1015.6336558995065,-93.38243203230148,-136.55258142664874,1.0
-0.8077694415087583,-0.4035464851051137,0.42971948293044243,0.0,-0.2606468324234561,0.8983258707142727,0.35365792658885153,0.0,-0.5287455232891438,0.1736690376861063,-0.8308232707603678,0.0,1015.6331973979363,-93.3220794078062,-136.55234051144012,1.0
-0.8077649505748655,-0.4035616823914072,0.4297136553491814,0.0,-0.2606655941203629,0.8983207409904453,0.3536571317160179,0.0,-0.528743137194242,0.17366026395564152,-0.8308266245482363,0.0,1015.632738896366,-93.2617267833109,-136.5520995962315,1.0
-0.8077604593380612,-0.4035768795962767,0.4297078277890739,0.0,-0.2606843557226383,0.8983156109399687,0.3536563367181808,0.0,-0.5287407509255715,0.17365149027516705,-0.8308299783432227,0.0,1015.6322803947959,-93.20137415881561,-136.5518586810229,1.0
-0.807755967798347,-0.4035920767197164,0.4297020002501221,0.0,-0.26070311723027545,0.8983104805628446,0.3536555415953404,0.0,-0.528738364483133,0.17364271664468617,-0.8308333321453258,0.0,1015.6318218932257,-93.14102153432033,-136.55161776581429,1.0
-0.8077514759557245,-0.4036072737617211,0.429696172732328,0.0,-0.26072187864326757,0.8983053498590747,0.35365474634749705,0.0,-0.5287359778669275,0.17363394306420202,-0.8308366859545444,0.0,1015.6313633916554,-93.08066890982504,-136.55137685060566,1.0
-0.8077469838101955,-0.40362247072228513,0.4296903452356939,0.0,-0.2607406399616078,0.8983002188286612,0.35365395097465097,0.0,-0.5287335910769559,0.17362516953371773,-0.8308400397708774,0.0,1015.6309048900853,-93.02031628532974,-136.55113593539704,1.0
-0.8077424913617613,-0.40363766760140296,0.4296845177602217,0.0,-0.26075940118528945,0.8982950874716058,0.35365315547680254,0.0,-0.5287312041132189,0.17361639605323656,-0.8308433935943234,0.0,1015.630446388515,-92.95996366083446,-136.55089502018845,1.0
-0.807737998610424,-0.40365286439906917,0.42967869030591366,0.0,-0.2607781623143057,0.8982899557879102,0.353652359853952,0.0,-0.5287288169757176,0.1736076226227616,-0.8308467474248812,0.0,1015.6299878869448,-92.89961103633917,-136.55065410497983,1.0
-0.8077335055561848,-0.40366806111527825,0.42967286287277184,0.0,-0.2607969233486497,0.8982848237775766,0.35365156410609966,0.0,-0.5287264296644526,0.17359884924229613,-0.8308501012625495,0.0,1015.6295293853747,-92.83925841184387,-136.5504131897712,1.0
-0.8077290121990456,-0.40368325775002456,0.4296670354607984,0.0,-0.26081568428831464,0.8982796914406064,0.3536507682332457,0.0,-0.5287240421794249,0.17359007591184325,-0.8308534551073274,0.0,1015.6290708838044,-92.77890578734859,-136.5501722745626,1.0
-0.8077245185390077,-0.4036984543033028,0.42966120806999525,0.0,-0.26083444513329374,0.8982745587770018,0.3536499722353906,0.0,-0.5287216545206355,0.17358130263140617,-0.8308568089592134,0.0,1015.6286123822342,-92.7185531628533,-136.549931359354,1.0
-0.8077200245760734,-0.4037136507751073,0.42965538070036474,0.0,-0.2608532058835803,0.8982694257867647,0.3536491761125345,0.0,-0.528719266688085,0.17357252940098805,-0.8308601628182064,0.0,1015.628153880664,-92.65820053835802,-136.54969044414537,1.0
-0.8077155303102435,-0.4037288471654327,0.42964955335190896,0.0,-0.26087196653916744,0.8982642924698968,0.35364837986467773,0.0,-0.5287168786817744,0.17356375622059209,-0.8308635166843052,0.0,1015.6276953790938,-92.59784791386272,-136.54944952893675,1.0
-0.80771103574152,-0.4037440434742734,0.4296437260246299,0.0,-0.2608907271000483,0.8982591588263998,0.35364758349182057,0.0,-0.5287144905017045,0.17355498309022147,-0.8308668705575085,0.0,1015.6272368775236,-92.53749528936743,-136.54920861372815,1.0
-0.8077065408699047,-0.40375923970162386,0.4296378987185297,0.0,-0.26090948756621624,0.8982540248562759,0.35364678699396335,0.0,-0.5287121021478762,0.17354621000987935,-0.8308702244378152,0.0,1015.6267783759533,-92.47714266487215,-136.54896769851953,1.0
-0.8077020456953989,-0.4037744358474786,0.42963207143361054,0.0,-0.2609282479376643,0.898248890559527,0.3536459903711064,0.0,-0.5287097136202905,0.17353743697956892,-0.830873578325224,0.0,1015.6263198743832,-92.41679004037685,-136.5487267833109,1.0
-0.8076975502180044,-0.4037896319118321,0.4296262441698745,0.0,-0.2609470082143857,0.8982437559361545,0.35364519362324975,0.0,-0.5287073249189481,0.17352866399929337,-0.8308769322197337,0.0,1015.6258613728129,-92.35643741588156,-136.5484858681023,1.0
-0.8076930544377229,-0.4038048278946789,0.4296204169273236,0.0,-0.2609657683963738,0.8982386209861606,0.353644396750394,0.0,-0.5287049360438499,0.17351989106905585,-0.830880286121343,0.0,1015.6254028712427,-92.29608479138628,-136.5482449528937,1.0
-0.807688558354556,-0.4038200237960136,0.42961458970596017,0.0,-0.2609845284836217,0.8982334857095472,0.35364359975253934,0.0,-0.5287025469949969,0.17351111818885956,-0.8308836400300508,0.0,1015.6249443696726,-92.23573216689098,-136.54800403768508,1.0
-0.8076840619685053,-0.4038352196158305,0.42960876250578617,0.0,-0.26100328847612253,0.898228350106316,0.353642802629686,0.0,-0.5287001577723897,0.17350234535870768,-0.8308869939458559,0.0,1015.6244858681023,-92.17537954239569,-136.54776312247645,1.0
-0.8076795652795723,-0.4038504153541241,0.42960293532680355,0.0,-0.26102204837386955,0.8982232141764689,0.3536420053818342,0.0,-0.5286977683760292,0.17349357257860337,-0.830890347868757,0.0,1015.6240273665321,-92.11502691790041,-136.54752220726786,1.0
-0.8076750682877587,-0.403865611010889,0.4295971081690147,0.0,-0.261040808176856,0.8982180779200077,0.35364120800898446,0.0,-0.5286953788059167,0.17348479984854984,-0.830893701798753,0.0,1015.6235688649618,-92.05467429340511,-136.54728129205924,1.0
-0.8076705709930663,-0.4038808065861197,0.42959128103242167,0.0,-0.26105956788507506,0.8982129413369344,0.35364041051113687,0.0,-0.5286929890620524,0.17347602716855026,-0.8308970557358426,0.0,1015.6231103633917,-91.99432166890983,-136.54704037685062,1.0
-0.8076660733954965,-0.40389600207981063,0.42958545391702657,0.0,-0.26107832749851995,0.898207804427251,0.35363961288829193,0.0,-0.5286905991444377,0.17346725453860776,-0.8309004096800245,0.0,1015.6226518618215,-91.93396904441454,-136.546799461642,1.0
-0.8076615754950511,-0.4039111974919563,0.4295796268228314,0.0,-0.26109708701718376,0.898202667190959,0.3536388151404496,0.0,-0.5286882090530732,0.1734584819587256,-0.8309037636312977,0.0,1015.6221933602512,-91.87361641991924,-136.5465585464334,1.0
-0.8076570772917315,-0.40392639282255116,0.42957379974983834,0.0,-0.26111584644105995,0.8981975296280605,0.35363801726761046,0.0,-0.52868581878796,0.1734497094289069,-0.8309071175896608,0.0,1015.6217348586811,-91.81326379542396,-136.54631763122478,1.0
-0.8076525787855395,-0.4039415880715898,0.4295679726980495,0.0,-0.26113460577014147,0.8981923917385571,0.3536372192697747,0.0,-0.5286834283490986,0.17344093694915483,-0.8309104715551127,0.0,1015.6212763571108,-91.75291117092867,-136.54607671601616,1.0
-0.8076480799764768,-0.4039567832390666,0.42956214566746703,0.0,-0.26115336500442154,0.8981872535224509,0.35363642114694255,0.0,-0.5286810377364901,0.17343216451947263,-0.830913825527652,0.0,1015.6208178555406,-91.69255854643337,-136.54583580080757,1.0
-0.807643580864545,-0.40397197832497617,0.429556318658093,0.0,-0.26117212414389357,0.8981821149797439,0.3536356228991144,0.0,-0.5286786469501356,0.17342339213986344,-0.8309171795072778,0.0,1015.6203593539705,-91.6322059219381,-136.54559488559894,1.0
-0.8076390814497457,-0.403987173329313,0.4295504916699296,0.0,-0.26119088318855055,0.8981769761104377,0.3536348245262905,0.0,-0.5286762559900354,0.1734146198103304,-0.8309205334939886,0.0,1015.6199008524002,-91.5718532974428,-136.54535397039032,1.0
-0.8076345817320804,-0.4040023682520715,0.4295446647029788,0.0,-0.2612096421383857,0.8981718369145341,0.3536340260284711,0.0,-0.5286738648561907,0.1734058475308768,-0.8309238874877833,0.0,1015.61944235083,-91.5115006729475,-136.5451130551817,1.0
-0.8076300817115508,-0.40401756309324616,0.4295388377572427,0.0,-0.2612284009933924,0.8981666973920351,0.3536332274056565,0.0,-0.5286714735486024,0.1733970753015057,-0.8309272414886607,0.0,1015.6189838492597,-91.45114804845223,-136.5448721399731,1.0
-0.8076255813881585,-0.4040327578528315,0.42953301083272366,0.0,-0.26124715975356366,0.8981615575429428,0.3536324286578471,0.0,-0.5286690820672714,0.17338830312222034,-0.8309305954966196,0.0,1015.6185253476896,-91.39079542395693,-136.5446312247645,1.0
-0.8076210807619054,-0.4040479525308221,0.4295271839294235,0.0,-0.26126591841889274,0.8981564173672585,0.353631629785043,0.0,-0.5286666904121984,0.1733795309930239,-0.8309339495116588,0.0,1015.6180668461193,-91.33044279946165,-136.54439030955587,1.0
-0.807616579832793,-0.40406314712721236,0.4295213570473445,0.0,-0.2612846769893729,0.8981512768649846,0.35363083078724467,0.0,-0.5286642985833843,0.17337075891391948,-0.8309373035337768,0.0,1015.6176083445491,-91.27009017496636,-136.54414939434724,1.0
-0.8076120786008227,-0.40407834164199685,0.4295155301864888,0.0,-0.2613034354649973,0.8981461360361227,0.3536300316644523,0.0,-0.52866190658083,0.17336198688491036,-0.8309406575629728,0.0,1015.617149842979,-91.20973755047106,-136.54390847913865,1.0
-0.8076075770659962,-0.4040935360751699,0.42950970334685834,0.0,-0.26132219384575917,0.8981409948806748,0.35362923241666616,0.0,-0.5286595144045364,0.17335321490599973,-0.8309440115992454,0.0,1015.6166913414087,-91.14938492597578,-136.54366756393003,1.0
-0.8076030752283153,-0.4041087304267262,0.4295038765284554,0.0,-0.26134095213165165,0.8981358533986424,0.35362843304388664,0.0,-0.5286571220545043,0.17334444297719068,-0.8309473656425933,0.0,1015.6162328398385,-91.08903230148049,-136.5434266487214,1.0
-0.8075985730877816,-0.40412392469666014,0.429498049731282,0.0,-0.2613597103226679,0.8981307115900279,0.35362763354611393,0.0,-0.5286547295307347,0.17333567109848638,-0.8309507196930153,0.0,1015.6157743382682,-91.02867967698519,-136.54318573351281,1.0
-0.8075940706443967,-0.40413911888496623,0.42949222295534023,0.0,-0.26137846841880136,0.8981255694548328,0.3536268339233484,0.0,-0.5286523368332283,0.17332689926989012,-0.8309540737505103,0.0,1015.6153158366981,-90.96832705248991,-136.5429448183042,1.0
-0.8075895678981622,-0.404154312991639,0.42948639620063234,0.0,-0.261397226420045,0.898120426993059,0.35362603417559024,0.0,-0.5286499439619861,0.173318127491405,-0.8309574278150771,0.0,1015.6148573351279,-90.90797442799462,-136.54270390309557,1.0
-0.8075850648490797,-0.4041695070166728,0.42948056946716023,0.0,-0.2614159843263921,0.8981152842047085,0.3536252343028398,0.0,-0.5286475509170088,0.1733093557630342,-0.8309607818867144,0.0,1015.6143988335576,-90.84762180349932,-136.54246298788695,1.0
-0.8075805614971507,-0.40418470096006237,0.42947474275492614,0.0,-0.26143474213783585,0.8981101410897832,0.3536244343050974,0.0,-0.5286451576982973,0.17330058408478094,-0.830964135965421,0.0,1015.6139403319875,-90.78726917900404,-136.54222207267836,1.0
-0.8075760578423773,-0.4041998948218021,0.4294689160639323,0.0,-0.26145349985436955,0.8981049976482847,0.3536236341823633,0.0,-0.5286427643058528,0.17329181245664835,-0.8309674900511957,0.0,1015.6134818304172,-90.72691655450875,-136.54198115746973,1.0
-0.8075715538847607,-0.4042150886018863,0.42946308939418054,0.0,-0.2614722574759863,0.898099853880215,0.3536228339346378,0.0,-0.5286403707396757,0.1732830408786396,-0.8309708441440372,0.0,1015.613023328847,-90.66656393001347,-136.5417402422611,1.0
-0.8075670496243027,-0.4042302823003098,0.4294572627456732,0.0,-0.2614910150026793,0.898094709785576,0.3536220335619212,0.0,-0.5286379769997671,0.17327426935075793,-0.8309741982439445,0.0,1015.6125648272769,-90.60621130551817,-136.54149932705252,1.0
-0.8075625450610049,-0.4042454759170668,0.42945143611841224,0.0,-0.2615097724344418,0.8980895653643696,0.35362123306421367,0.0,-0.5286355830861279,0.1732654978730065,-0.8309775523509162,0.0,1015.6121063257066,-90.54585868102288,-136.5412584118439,1.0
-0.807558040194869,-0.404260669452152,0.4294456095123999,0.0,-0.2615285297712669,0.8980844206165975,0.3536204324415157,0.0,-0.5286331889987589,0.17325672644538845,-0.830980906464951,0.0,1015.6116478241364,-90.4855060565276,-136.54101749663528,1.0
-0.8075535350258964,-0.40427586290555967,0.4294397829276382,0.0,-0.26154728701314794,0.898079275542262,0.35361963169382743,0.0,-0.528630794737661,0.17324795506790697,-0.8309842605860479,0.0,1015.6111893225661,-90.4251534320323,-136.54077658142666,1.0
-0.8075490295540891,-0.40429105627728457,0.42943395636412934,0.0,-0.26156604416007806,0.8980741301413643,0.35361883082114914,0.0,-0.528628400302835,0.17323918374056527,-0.8309876147142057,0.0,1015.610730820996,-90.36480080753701,-136.54053566621806,1.0
-0.8075445237794485,-0.40430624956732103,0.42942812982187534,0.0,-0.2615848012120505,0.8980689844139066,0.3536180298234813,0.0,-0.5286260056942819,0.17323041246336648,-0.830990968849423,0.0,1015.6102723194258,-90.30444818304173,-136.54029475100944,1.0
-0.8075400177019763,-0.4043214427756636,0.4294223033008784,0.0,-0.2616035581690584,0.8980638383598909,0.35361722870082396,0.0,-0.5286236109120023,0.17322164123631384,-0.8309943229916986,0.0,1015.6098138178555,-90.24409555854643,-136.54005383580082,1.0
-0.8075355113216739,-0.40433663590230673,0.4294164768011405,0.0,-0.261622315031095,0.8980586919793188,0.3536164274531776,0.0,-0.5286212159559973,0.17321287005941047,-0.8309976771410315,0.0,1015.6093553162854,-90.18374293405114,-136.5398129205922,1.0
-0.8075310046385432,-0.404351828947245,0.4294106503226639,0.0,-0.2616410717981535,0.8980535452721924,0.3536156260805424,0.0,-0.5286188208262678,0.1732040989326596,-0.8310010312974202,0.0,1015.6088968147151,-90.12339030955586,-136.5395720053836,1.0
-0.8075264976525859,-0.40436702191047275,0.4294048238654506,0.0,-0.2616598284702272,0.8980483982385136,0.35361482458291876,0.0,-0.5286164255228145,0.17319532785606434,-0.8310043854608636,0.0,1015.6084383131449,-90.06303768506056,-136.53933109017498,1.0
-0.8075219903638035,-0.4043822147919846,0.4293989974295027,0.0,-0.26167858504730906,0.8980432508782838,0.35361402296030686,0.0,-0.5286140300456384,0.1731865568296279,-0.8310077396313607,0.0,1015.6079798115748,-90.00268506056528,-136.53909017496636,1.0
-0.8075174827721974,-0.40439740759177506,0.42939317101482244,0.0,-0.2616973415293925,0.8980381031915052,0.35361322121270705,0.0,-0.5286116343947403,0.17317778585335353,-0.8310110938089099,0.0,1015.6075213100045,-89.94233243606999,-136.53884925975777,1.0
-0.8075129748777696,-0.4044126003098386,0.42938734462141187,0.0,-0.2617160979164707,0.89803295517818,0.3536124193401196,0.0,-0.5286092385701211,0.1731690149272443,-0.8310144479935102,0.0,1015.6070628084343,-89.8819798115747,-136.53860834454915,1.0
-0.8075084666805217,-0.40442779294616965,0.429381518249273,0.0,-0.2617348542085368,0.8980278068383096,0.35361161734254476,0.0,-0.5286068425717817,0.17316024405130345,-0.8310178021851605,0.0,1015.606604306864,-89.82162718707941,-136.53836742934052,1.0
-0.8075039581804551,-0.40444298550076274,0.4293756918984081,0.0,-0.261753610405584,0.8980226581718959,0.3536108152199829,0.0,-0.5286044463997228,0.17315147322553412,-0.8310211563838593,0.0,1015.6061458052939,-89.76127456258412,-136.5381265141319,1.0
-0.8074994493775716,-0.40445817797361244,0.42936986556881923,0.0,-0.26177236650760555,0.8980175091789406,0.3536100129724342,0.0,-0.5286020500539454,0.17314270244993954,-0.8310245105896056,0.0,1015.6056873037237,-89.70092193808883,-136.5378855989233,1.0
-0.8074949402718729,-0.40447337036471315,0.4293640392605084,0.0,-0.2617911225145946,0.8980123598594463,0.3536092105998991,0.0,-0.5285996535344505,0.17313393172452282,-0.8310278648023981,0.0,1015.6052288021534,-89.64056931359355,-136.5376446837147,1.0
-0.8074904308633603,-0.4044885626740594,0.42935821297347787,0.0,-0.2618098784265444,0.898007210213414,0.3536084081023778,0.0,-0.5285972568412387,0.17312516104928719,-0.8310312190222356,0.0,1015.6047703005833,-89.58021668909825,-136.53740376850607,1.0
-0.8074859211520359,-0.4045037549016457,0.4293523867077296,0.0,-0.26182863424344816,0.8980020602408462,0.35360760547987063,0.0,-0.5285948599743111,0.17311639042423582,-0.831034573249117,0.0,1015.604311799013,-89.51986406460296,-136.53716285329747,1.0
-0.8074814111379011,-0.4045189470474665,0.4293465604632659,0.0,-0.26184738996529905,0.8979969099417445,0.3536068027323779,0.0,-0.5285924629336684,0.17310761984937187,-0.8310379274830407,0.0,1015.6038532974428,-89.45951144010768,-136.53692193808885,1.0
-0.8074769008209574,-0.4045341391115163,0.4293407342400888,0.0,-0.26186614559209026,0.8979917593161105,0.35360599985989966,0.0,-0.5285900657193116,0.17309884932469854,-0.8310412817240059,0.0,1015.6033947958726,-89.39915881561238,-136.53668102288023,1.0
-0.8074723902012066,-0.40454933109378965,0.42933490803820024,0.0,-0.26188490112381513,0.8979866083639467,0.3536051968624366,0.0,-0.5285876683312414,0.173090078850219,-0.8310446359720114,0.0,1015.6029362943024,-89.3388061911171,-136.5364401076716,1.0
-0.8074678792786502,-0.40456452299428103,0.4293290818576025,0.0,-0.2619036565604666,0.8979814570852543,0.3536043937399887,0.0,-0.5285852707694587,0.17308130842593641,-0.8310479902270556,0.0,1015.6024777927322,-89.2784535666218,-136.53619919246302,1.0
-0.8074633680532901,-0.4045797148129848,0.42932325569829766,0.0,-0.2619224119020382,0.8979763054800356,0.35360359049255635,0.0,-0.5285828730339646,0.17307253805185396,-0.8310513444891375,0.0,1015.6020192911619,-89.21810094212651,-136.5359582772544,1.0
-0.8074588565251277,-0.40459490654989577,0.4293174295602878,0.0,-0.26194116714852284,0.8979711535482925,0.3536027871201399,0.0,-0.5285804751247598,0.17306376772797485,-0.831054698758256,0.0,1015.6015607895918,-89.15774831763123,-136.53571736204577,1.0
-0.8074543446941649,-0.40461009820500815,0.4293116034435751,0.0,-0.2619599222999139,0.8979660012900266,0.3536019836227396,0.0,-0.5285780770418451,0.1730549974543022,-0.8310580530344097,0.0,1015.6011022880216,-89.09739569313594,-136.53547644683715,1.0
-0.8074498325604029,-0.4046252897783165,0.4293057773481616,0.0,-0.26197867735620456,0.89796084870524,0.35360118000035573,0.0,-0.5285756787852215,0.17304622723083926,-0.8310614073175976,0.0,1015.6006437864513,-89.03704306864064,-136.53523553162856,1.0
-0.8074453201238437,-0.4046404812698154,0.4292999512740495,0.0,-0.26199743231738787,0.8979556957939341,0.35360037625298857,0.0,-0.5285732803548898,0.17303745705758916,-0.8310647616078182,0.0,1015.6001852848811,-88.97669044414536,-136.53499461641994,1.0
-0.8074408073844886,-0.4046556726794992,0.42929412522124083,0.0,-0.26201618718345726,0.8979505425561113,0.3535995723806384,0.0,-0.5285708817508509,0.17302868693455511,-0.8310681159050705,0.0,1015.5997267833109,-88.91633781965007,-136.53475370121132,1.0
-0.8074362943423397,-0.4046708640073625,0.4292882991897377,0.0,-0.26203494195440585,0.8979453889917735,0.3535987683833056,0.0,-0.5285684829731055,0.17301991686174026,-0.8310714702093531,0.0,1015.5992682817407,-88.85598519515477,-136.53451278600272,1.0
-0.8074317809973983,-0.4046860552533999,0.42928247317954227,0.0,-0.2620536966302268,0.8979402351009221,0.3535979642609904,0.0,-0.5285660840216548,0.17301114683914776,-0.831074824520665,0.0,1015.5988097801705,-88.79563257065949,-136.5342718707941,1.0
-0.8074272673496662,-0.40470124641760563,0.42927664719065656,0.0,-0.2620724512109134,0.8979350808835593,0.353597160013693,0.0,-0.5285636848964994,0.17300237686678085,-0.8310781788390048,0.0,1015.5983512786003,-88.7352799461642,-136.53403095558548,1.0
-0.8074227533991449,-0.40471643749997444,0.4292708212230828,0.0,-0.2620912056964587,0.8979299263396867,0.3535963556414138,0.0,-0.5285612855976404,0.17299360694464272,-0.8310815331643715,0.0,1015.5978927770301,-88.67492732166892,-136.53379004037686,1.0
-0.807418239145836,-0.40473162850050065,0.42926499527682305,0.0,-0.2621099600868561,0.8979247714693067,0.35359555114415314,0.0,-0.5285588861250783,0.17298483707273646,-0.8310848874967637,0.0,1015.5974342754598,-88.61457469717362,-136.53354912516826,1.0
-0.8074137245897413,-0.4047468194191788,0.4292591693518794,0.0,-0.26212871438209867,0.8979196162724206,0.3535947465219112,0.0,-0.5285564864788144,0.17297606725106532,-0.8310882418361802,0.0,1015.5969757738897,-88.55422207267833,-136.53330820995964,1.0
-0.8074092097308623,-0.40476201025600345,0.429253343448254,0.0,-0.26214746858217963,0.8979144607490304,0.3535939417746883,0.0,-0.5285540866588492,0.17296729747963246,-0.8310915961826199,0.0,1015.5965172723195,-88.49386944818305,-136.53306729475102,1.0
-0.8074046945692007,-0.40477720101096903,0.4292475175659489,0.0,-0.2621662226870922,0.8979093048991382,0.3535931369024848,0.0,-0.5285516866651838,0.17295852775844103,-0.8310949505360814,0.0,1015.5960587707492,-88.43351682368775,-136.53282637954243,1.0
-0.8074001791047584,-0.4047923916840701,0.42924169170496634,0.0,-0.26218497669682966,0.8979041487227457,0.35359233190530087,0.0,-0.5285492864978192,0.17294975808749424,-0.8310983048965637,0.0,1015.595600269179,-88.37316419919246,-136.5325854643338,1.0
-0.8073956633375364,-0.40480758227530106,0.42923586586530826,0.0,-0.26220373061138513,0.8978989922198548,0.35359152678313693,0.0,-0.5285468861567558,0.1729409884667953,-0.8311016592640654,0.0,1015.5951417676088,-88.31281157469718,-136.53234454912518,1.0
-0.8073911472675369,-0.40482277278465645,0.42923004004697696,0.0,-0.26222248443075175,0.8978938353904674,0.35359072153599314,0.0,-0.5285444856419949,0.1729322188963473,-0.8311050136385855,0.0,1015.5946832660386,-88.25245895020188,-136.53210363391656,1.0
-0.8073866308947613,-0.4048379632121309,0.42922421424997437,0.0,-0.2622412381549229,0.8978886782345853,0.35358991616387,0.0,-0.5285420849535372,0.17292344937615345,-0.8311083680201224,0.0,1015.5942247644684,-88.19210632570659,-136.53186271870797,1.0
-0.8073821142192111,-0.4048531535577186,0.4292183884743026,0.0,-0.26225999178389164,0.8978835207522102,0.35358911066676757,0.0,-0.5285396840913835,0.17291467990621698,-0.8311117224086753,0.0,1015.5937662628982,-88.13175370121131,-136.53162180349935,1.0
-0.8073775972408884,-0.40486834382141434,0.4292125627199639,0.0,-0.2622787453176513,0.8978783629433446,0.35358830504468625,0.0,-0.5285372830555349,0.172905910486541,-0.8311150768042428,0.0,1015.593307761328,-88.07140107671601,-136.53138088829073,1.0
-0.8073730799597946,-0.4048835340032125,0.4292067369869603,0.0,-0.2622974987561949,0.8978732048079896,0.3535874992976263,0.0,-0.5285348818459921,0.17289714111712873,-0.8311184312068236,0.0,1015.5928492597577,-88.01104845222073,-136.5311399730821,1.0
-0.807368562375931,-0.4048987241031075,0.42920091127529403,0.0,-0.2623162520995158,0.8978680463461474,0.353586693425588,0.0,-0.5285324804627558,0.17288837179798333,-0.8311217856164167,0.0,1015.5923907581875,-87.95069582772544,-136.5308990578735,1.0
-0.8073640444892997,-0.404913914121094,0.429195085584967,0.0,-0.2623350053476072,0.8978628875578201,0.3535858874285718,0.0,-0.5285300789058273,0.172879602529108,-0.8311251400330207,0.0,1015.5919322566174,-87.89034320323015,-136.5306581426649,1.0
-0.8073595262999019,-0.40492910405716637,0.42918925991598145,0.0,-0.2623537585004622,0.8978577284430089,0.35358508130657773,0.0,-0.5285276771752071,0.17287083331050587,-0.8311284944566345,0.0,1015.5914737550471,-87.82999057873486,-136.53041722745627,1.0
-0.8073550078077399,-0.40494429391131914,0.42918343426833944,0.0,-0.2623725115580742,0.8978525690017165,0.35358427505960627,0.0,-0.5285252752708963,0.17286206414218014,-0.8311318488872568,0.0,1015.5910152534769,-87.76963795423957,-136.53017631224768,1.0
-0.8073504890128148,-0.4049594836835468,0.4291776086420431,0.0,-0.26239126452043615,0.8978474092339443,0.35358346868765766,0.0,-0.5285228731928956,0.172853295024134,-0.8311352033248863,0.0,1015.5905567519067,-87.70928532974428,-136.52993539703905,1.0
