Xx,Xy,Xz,0,Yx,Yy,Yz,0,Zx,Zy,Zz,0,Px,Py,Pz,1
0.9422143994952779,0.3083982125575048,0.13085323028144497,0.0,0.3328919282274677,-0.9057400209731613,-0.2623318099821975,0.0,0.037616346244037153,0.2907327929540686,-0.9560645656002399,0.0,958.521,-109.209,-158.398,1.0
0.9419444655838399,0.30922170650072184,0.13085320013188245,0.0,0.3336835206945777,-0.905448691019894,-0.2623318050622738,0.0,0.037362170344406184,0.2907655484391864,-0.9560645710766683,0.0,958.5210022259321,-109.12503839732888,-158.39801057317752,1.0
0.9416738119418627,0.3100449641743232,0.13085316997696372,0.0,0.33447485820152256,-0.9051566692300249,-0.2623318001681744,0.0,0.03710796590961152,0.290798081731201,-0.956064576546742,0.0,958.5210044518642,-109.04107679465777,-158.39802114635503,1.0
0.9414024387761496,0.3108679849492671,0.13085313981671187,0.0,0.3352659401436506,-0.9048639558266842,-0.26233179529990297,0.0,0.03685373313388778,0.29083039280525397,-0.9560645820104569,0.0,958.5210066777963,-108.95711519198665,-158.39803171953255,1.0
0.9411303462940532,0.3116907681966932,0.1308531096511499,0.0,0.3360567659165054,-0.904570551033531,-0.26233179045746335,0.0,0.03659947221149129,0.2908624816366569,-0.9560645874678085,0.0,958.5210089037284,-108.87315358931554,-158.39804229271007,1.0
0.9408575347034767,0.3125133132879223,0.1308530794803009,0.0,0.33684733491582614,-0.9042764550747524,-0.2623317856408591,0.0,0.03634518333669984,0.29089434820089105,-0.956064592918793,0.0,958.5210111296605,-108.78919198664441,-158.3980528658876,1.0
0.940584004212872,0.3133356195944573,0.13085304930418787,0.0,0.3376376465375482,-0.9039816681750635,-0.262331780850094,0.0,0.03609086670381259,0.29092599247360756,-0.9560645983634061,0.0,958.5210133555926,-108.70523038397329,-158.3980634390651,1.0
0.9403097550312407,0.3141576864879836,0.13085301912283392,0.0,0.3384277001778038,-0.9036861905597079,-0.26233177608517166,0.0,0.03583652250714993,0.29095741443062745,-0.9560646038016435,0.0,958.5210155815247,-108.62126878130218,-158.39807401224263,1.0
0.9400347873681332,0.31497951334036933,0.13085298893626207,0.0,0.33921749523292216,-0.9033900224544562,-0.26233177134609575,0.0,0.035582150941053284,0.29098861404794146,-0.9560646092335012,0.0,958.5210178074568,-108.53730717863105,-158.39808458542015,1.0
0.9397591014336493,0.31580109952366636,0.13085295874449543,0.0,0.34000703109943003,-0.9030931640856076,-0.2623317666328699,0.0,0.03532775219988501,0.29101959130171046,-0.9560646146589749,0.0,958.5210200333889,-108.45334557595993,-158.39809515859767,1.0
0.9394826974384373,0.31662244441011017,0.130852928547557,0.0,0.34079630717405235,-0.9027956156799876,-0.2623317619454976,0.0,0.0350733264780282,0.29105034616826503,-0.9560646200780607,0.0,958.5210222593211,-108.36938397328882,-158.3981057317752,1.0
0.9392055755936942,0.3174435473721206,0.13085289834546993,0.0,0.34158532285371224,-0.9024973774649492,-0.26233175728398256,0.0,0.0348188739698866,0.2910808786241057,-0.9560646254907543,0.0,958.5210244852532,-108.2854223706177,-158.3981163049527,1.0
0.9389277361111659,0.3182644077823027,0.13085286813825725,0.0,0.34237407753553234,-0.9021984496683737,-0.2623317526483283,0.0,0.034564394869884406,0.291111188645903,-0.9560646308970515,0.0,958.5210267111853,-108.20146076794659,-158.3981268781302,1.0
0.9386491792031457,0.3190850250134464,0.13085283792594207,0.0,0.34316257061683414,-0.9018988325186674,-0.26233174803853837,0.0,0.03430988937246611,0.2911412762104974,-0.9560646362969484,0.0,958.5210289371174,-108.11749916527546,-158.39813745130772,1.0
0.9383699050824764,0.31990539843852767,0.13085280770854749,0.0,0.34395080149513946,-0.9015985262447648,-0.26233174345461624,0.0,0.034055357672096415,0.29117114129489935,-0.9560646416904406,0.0,958.5210311630495,-108.03353756260434,-158.39814802448524,1.0
0.9380899139625477,0.3207255274307088,0.1308527774860965,0.0,0.3447387695681701,-0.9012975310761262,-0.2623317388965655,0.0,0.03380079996326001,0.29120078387628934,-0.9560646470775241,0.0,958.5210333889816,-107.94957595993323,-158.39815859766276,1.0
0.9378092060572975,0.32154541136333875,0.1308527472586123,0.0,0.345526474233849,-0.9009958472427386,-0.2623317343643896,0.0,0.03354621644046149,0.2912302039320177,-0.9560646524581949,0.0,958.5210356149137,-107.8656143572621,-158.39816917084028,1.0
0.9375277815812115,0.3223650496099539,0.1308527170261179,0.0,0.3463139148903001,-0.9006934749751151,-0.262331729858092,0.0,0.03329160729822515,0.291259401439605,-0.9560646578324488,0.0,958.5210378408458,-107.781652754591,-158.3981797440178,1.0
0.9372456407493232,0.323184441544278,0.13085268678863649,0.0,0.34710109093584934,-0.9003904145042949,-0.26233172537767613,0.0,0.033036972731094856,0.29128837637674176,-0.9560646632002815,0.0,958.5210400667779,-107.69769115191987,-158.39819031719531,1.0
0.9369627837772124,0.3240035865402234,0.13085265654619113,0.0,0.3478880017690244,-0.9000866660618426,-0.2623317209231454,0.0,0.032782312933633914,0.2913171287212885,-0.9560646685616893,0.0,958.52104229271,-107.61372954924875,-158.39820089037283,1.0
0.9366792108810076,0.32482248397189084,0.13085262629880487,0.0,0.34867464678855614,-0.8997822298798493,-0.26233171649450326,0.0,0.03252762810042492,0.2913456584512759,-0.9560646739166676,0.0,958.5210445186422,-107.52976794657764,-158.39821146355035,1.0
0.936394922277383,0.3256411332135704,0.13085259604650099,0.0,0.34946102539337826,-0.8994771061909312,-0.26233171209175304,0.0,0.03227291842606958,0.29137396554490486,-0.9560646792652128,0.0,958.5210467445743,-107.44580634390651,-158.39822203672787,1.0
0.9361099181835605,0.32645953363974173,0.13085256578930243,0.0,0.3502471369826278,-0.8991712952282291,-0.26233170771489817,0.0,0.032018184105188564,0.2914020499805461,-0.9560646846073205,0.0,958.5210489705064,-107.36184474123539,-158.3982326099054,1.0
0.9358241988173082,0.32727768462507467,0.13085253552723236,0.0,0.35103298095564633,-0.8988647972254102,-0.2623317033639419,0.0,0.031763425332421436,0.2914299117367407,-0.9560646899429868,0.0,958.5210511964385,-107.27788313856428,-158.3982431830829,1.0
0.9355377643969409,0.32809558554442947,0.13085250526031392,0.0,0.3518185567119795,-0.8985576124166659,-0.26233169903888764,0.0,0.031508642302426365,0.2914575507921998,-0.9560646952722074,0.0,958.5210534223705,-107.19392153589315,-158.39825375626043,1.0
0.93525061514132,0.3289132357728577,0.13085247498857025,0.0,0.35260386365137797,-0.8982497410367123,-0.26233169473973866,0.0,0.031253835209880114,0.29148496712580474,-0.9560647005949784,0.0,958.5210556483026,-107.10995993322204,-158.39826432943795,1.0
0.934962751269853,0.32973063468560226,0.1308524447120245,0.0,0.353388901173798,-0.8979411833207904,-0.2623316904664983,0.0,0.030999004249477817,0.291512160716607,-0.9560647059112958,0.0,958.5210578742348,-107.02599833055092,-158.39827490261547,1.0
0.934674173002493,0.3305477816580982,0.13085241443069975,0.0,0.3541736686794016,-0.8976319395046659,-0.2623316862191697,0.0,0.030744149615932824,0.29153913154382827,-0.9560647112211554,0.0,958.5210601001669,-106.9420367278798,-158.398285475793,1.0
0.9343848805597396,0.33136467606597314,0.1308523841446191,0.0,0.35495816556855697,-0.8973220098246281,-0.2623316819977562,0.0,0.0304892715039766,0.2915658795868605,-0.9560647165245532,0.0,958.521062326099,-106.85807512520869,-158.3982960489705,1.0
0.9340948741626373,0.3321813172850474,0.1308523538538058,0.0,0.35574239124183915,-0.8970113945174907,-0.262331677802261,0.0,0.030234370108358527,0.29159240482526577,-0.9560647218214849,0.0,958.5210645520311,-106.77411352253756,-158.39830662214803,1.0
0.9338041540327774,0.33299770469133516,0.13085232355828297,0.0,0.3565263451000306,-0.8967000938205913,-0.26233167363268733,0.0,0.029979445623845802,0.2916187072387765,-0.9560647271119469,0.0,958.5210667779633,-106.69015191986644,-158.39831719532555,1.0
0.9335127203922948,0.3338138376610441,0.13085229325807368,0.0,0.35731002654412114,-0.896388107971791,-0.26233166948903835,0.0,0.029724498245223236,0.2916447868072952,-0.9560647323959349,0.0,958.5210690038954,-106.60619031719533,-158.39832776850307,1.0
0.9332205734638713,0.33462971557057675,0.13085226295320118,0.0,0.35809343497530904,-0.8960754372094746,-0.2623316653713173,0.0,0.029469528167293164,0.29167064351089494,-0.9560647376734449,0.0,958.5210712298275,-106.5222287145242,-158.39833834168059,1.0
0.9329277134707327,0.33544533779653013,0.1308522326436885,0.0,0.35887656979500104,-0.8957620817725502,-0.2623316612795272,0.0,0.029214535584875245,0.2916962773298189,-0.956064742944473,0.0,958.5210734557595,-106.4382671118531,-158.3983489148581,1.0
0.9326341406366498,0.3362607037156969,0.13085220232955894,0.0,0.3596594304048129,-0.8954480419004491,-0.26233165721367124,0.0,0.028959520692806332,0.2917216882444804,-0.9560647482090149,0.0,958.5210756816916,-106.35430550918197,-158.39835948803562,1.0
0.9323398551859383,0.3370758127050654,0.13085217201083557,0.0,0.36044201620657,-0.8951333178331256,-0.2623316531737525,0.0,0.02870448368594033,0.29174687623546347,-0.9560647534670667,0.0,958.5210779076237,-106.27034390651085,-158.39837006121311,1.0
0.9320448573434584,0.3378906641418205,0.13085214168754164,0.0,0.36122432660230763,-0.8948179098110562,-0.26233164915977414,0.0,0.028449424759148047,0.2917718412835221,-0.9560647587186244,0.0,958.5210801335559,-106.18638230383974,-158.39838063439063,1.0
0.9317491473346143,0.3387052574033437,0.1308521113597002,0.0,0.3620063609942716,-0.8945018180752411,-0.2623316451717391,0.0,0.028194344107317044,0.291796583369581,-0.9560647639636841,0.0,958.521082359488,-106.10242070116861,-158.39839120756815,1.0
0.9314527253853548,0.3395195918672136,0.13085208102733453,0.0,0.36278811878491846,-0.894185042867202,-0.2623316412096506,0.0,0.027939241925351452,0.29182110247473475,-0.9560647692022416,0.0,958.5210845854201,-106.0184590984975,-158.39840178074567,1.0
0.9311555917221722,0.34033366691120687,0.13085205069046776,0.0,0.36356959937691624,-0.8938675844289832,-0.2623316372735115,0.0,0.02768411840817189,0.29184539858024877,-0.9560647744342929,0.0,958.5210868113522,-105.93449749582638,-158.3984123539232,1.0
0.9308577465721031,0.3411474819132982,0.13085202034912308,0.0,0.3643508021731447,-0.8935494430031506,-0.2623316333633249,0.0,0.027428973750715256,0.29186947166755867,-0.9560647796598342,0.0,958.5210890372844,-105.85053589315525,-158.3984229271007,1.0
0.9305591901627269,0.34196103625166113,0.13085199000332365,0.0,0.36513172657669596,-0.8932306188327931,-0.2623316294790938,0.0,0.027173808147934603,0.2918933217182704,-0.9560647848788614,0.0,958.5210912632165,-105.76657429048414,-158.39843350027823,1.0
0.9302599227221678,0.34277432930466817,0.13085195965309268,0.0,0.36591237199087473,-0.8929111121615201,-0.262331625620821,0.0,0.026918621794799,0.2919169487141605,-0.9560647900913704,0.0,958.5210934891486,-105.68261268781302,-158.39844407345575,1.0
0.9299599444790926,0.3435873604508917,0.13085192929845338,0.0,0.36669273781919903,-0.892590923233463,-0.2623316217885098,0.0,0.02666341488629337,0.2919403526371758,-0.9560647952973572,0.0,958.5210957150806,-105.5986510851419,-158.39845464663327,1.0
0.9296592556627107,0.34440012906910394,0.1308518989394289,0.0,0.3674728234654003,-0.8922700522932744,-0.26233161798216276,0.0,0.02640818761741832,0.2919635334694337,-0.9560648004968182,0.0,958.5210979410127,-105.51468948247079,-158.3984652198108,1.0
0.929357856502775,0.3452126345382781,0.13085186857604245,0.0,0.3682526283334243,-0.891948499586128,-0.26233161420178297,0.0,0.026152940183190043,0.291986491193222,-0.956064805689749,0.0,958.5211001669448,-105.43072787979966,-158.3984757929883,1.0
0.9290557472295812,0.34602487623758804,0.13085183820831728,0.0,0.36903215182743115,-0.8916262653577186,-0.2623316104473733,0.0,0.025897672778640125,0.2920092257909989,-0.9560648108761459,0.0,958.521102392877,-105.34676627712855,-158.39848636616583,1.0
0.9287529280739676,0.34683685354640936,0.1308518078362765,0.0,0.3698113933517962,-0.8913033498542614,-0.26233160671893657,0.0,0.025642385598815404,0.2920317372453932,-0.9560648160560048,0.0,958.5211046188091,-105.26280467445743,-158.39849693934335,1.0
0.9284493992673145,0.34764856584431963,0.13085177745994342,0.0,0.37059035231110987,-0.8909797533224926,-0.26233160301647573,0.0,0.025387078838777846,0.2920540255392042,-0.9560648212293218,0.0,958.5211068447412,-105.1788430717863,-158.39850751252087,1.0
0.9281451610415449,0.34846001251109915,0.13085174707934116,0.0,0.3713690281101788,-0.8906554760096684,-0.2623315993399935,0.0,0.02513175269360437,0.2920760906554015,-0.9560648263960929,0.0,958.5211090706733,-105.0948814691152,-158.39851808569838,1.0
0.9278402136291237,0.34927119292673076,0.130851716694493,0.0,0.3721474201540259,-0.8903305181635655,-0.26233159568949277,0.0,0.024876407358386702,0.29209793257712563,-0.9560648315563142,0.0,958.5211112966055,-105.01091986644407,-158.3985286588759,1.0
0.9275345572630578,0.35008210647140114,0.13085168630542207,0.0,0.37292552784789096,-0.8900048800324801,-0.26233159206497625,0.0,0.02462104302823124,0.2921195512876873,-0.9560648367099817,0.0,958.5211135225376,-104.92695826377295,-158.39853923205342,1.0
0.9272281921768951,0.3508927525255006,0.13085165591215173,0.0,0.37370335059723075,-0.8896785618652288,-0.26233158846644683,0.0,0.024365659898258885,0.29214094677056796,-0.9560648418570915,0.0,958.5211157484696,-104.84299666110184,-158.39854980523094,1.0
0.9269211186047263,0.3517031304696239,0.13085162551470506,0.0,0.37448088780772015,-0.8893515639111472,-0.2623315848939071,0.0,0.02411025816360491,0.2921621190094195,-0.9560648469976396,0.0,958.5211179744017,-104.75903505843071,-158.39856037840846,1.0
0.9266133367811822,0.3525132396845709,0.13085159511310535,0.0,0.375258138885252,-0.8890238864200909,-0.2623315813473599,0.0,0.023854838019418803,0.29218306798806454,-0.9560648521316222,0.0,958.5211202003338,-104.6750734557596,-158.39857095158598,1.0
0.9263048469414357,0.35332307955134634,0.13085156470737586,0.0,0.3760351032359378,-0.8886955296424344,-0.26233157782680794,0.0,0.023599399660864127,0.2922037936904962,-0.9560648572590352,0.0,958.521122426266,-104.59111185308848,-158.3985815247635,1.0
0.9259956493211999,0.3541326494511612,0.13085153429753976,0.0,0.37681178026610823,-0.8883664938290712,-0.26233157433225385,0.0,0.023343943283118344,0.29222429610087813,-0.956064862379875,0.0,958.5211246521981,-104.50715025041735,-158.39859209794102,1.0
0.9256857441567292,0.35494194876543245,0.13085150388362032,0.0,0.3775881693823133,-0.8880367792314137,-0.2623315708637003,0.0,0.023088469081372694,0.2922445752035448,-0.9560648674941373,0.0,958.5211268781302,-104.42318864774624,-158.39860267111854,1.0
0.9253751316848189,0.355750976875784,0.1308514734656408,0.0,0.3783642699913232,-0.8877063861013931,-0.26233156742115,0.0,0.022832977250832037,0.2922646309830011,-0.9560648726018185,0.0,958.5211291040623,-104.33922704507512,-158.39861324429606,1.0
0.925063812142804,0.3565597331640469,0.13085144304362442,0.0,0.37914008150012857,-0.8873753146914588,-0.26233156400460556,0.0,0.022577467986714693,0.29228446342392267,-0.9560648777029145,0.0,958.5211313299944,-104.25526544240401,-158.39862381747355,1.0
0.9247517857685602,0.35736821701225985,0.1308514126175944,0.0,0.3799156033159407,-0.8870435652545786,-0.2623315606140696,0.0,0.022321941484252334,0.29230407251115575,-0.9560648827974215,0.0,958.5211335559266,-104.17130383973289,-158.39863439065107,1.0
0.9244390528005032,0.3581764278026698,0.130851382187574,0.0,0.3806908348461926,-0.8867111380442386,-0.26233155724954466,0.0,0.022066397938689756,0.2923234582297173,-0.9560648878853355,0.0,958.5211357818586,-104.08734223706176,-158.3986449638286,1.0
0.9241256134775886,0.3589843649177323,0.13085135175358653,0.0,0.3814657754985389,-0.8863780333144424,-0.26233155391103335,0.0,0.021810837545284817,0.2923426205647949,-0.9560648929666529,0.0,958.5211380077907,-104.00338063439065,-158.3986555370061,1.0
0.9238114680393118,0.3597920277401121,0.13085132131565516,0.0,0.38224042468085634,-0.8860442513197115,-0.2623315505985383,0.0,0.02155526049930823,0.2923615595017468,-0.9560648980413693,0.0,958.5211402337228,-103.91941903171953,-158.39866611018363,1.0
0.9234966167257076,0.3605994156526832,0.13085129087380318,0.0,0.38301478180124454,-0.8857097923150846,-0.2623315473120618,0.0,0.021299666996043434,0.29238027502610203,-0.9560649031094814,0.0,958.5211424596549,-103.8354574290484,-158.39867668336115,1.0
0.9231810597773504,0.36140652803853024,0.13085126042805387,0.0,0.38378884626802634,-0.8853746565561182,-0.2623315440516067,0.0,0.021044057230786447,0.2923987671235603,-0.956064908170985,0.0,958.521144685587,-103.7514958263773,-158.39868725653866,1.0
0.9228647974353534,0.3622133642809479,0.13085122997843046,0.0,0.38456261748974807,-0.8850388442988856,-0.2623315408171752,0.0,0.02078843139884571,0.29241703577999195,-0.9560649132258763,0.0,958.5211469115192,-103.66753422370617,-158.39869782971618,1.0
0.922547829941369,0.363019923763442,0.13085119952495622,0.0,0.3853360948751802,-0.8847023557999769,-0.26233153760876987,0.0,0.020532789695541932,0.2924350809814381,-0.9560649182741513,0.0,958.5211491374513,-103.58357262103506,-158.3987084028937,1.0
0.9222301575375883,0.3638262058697299,0.13085116906765448,0.0,0.3861092778333176,-0.884365191316499,-0.2623315344263932,0.0,0.020277132316207976,0.2924529027141107,-0.9560649233158064,0.0,958.5211513633834,-103.49961101836394,-158.39871897607122,1.0
0.9219117804667412,0.36463220998374074,0.13085113860654843,0.0,0.3868821657733802,-0.8840273511060757,-0.26233153127004755,0.0,0.020021459456188648,0.2924705009643923,-0.9560649283508375,0.0,958.5211535893155,-103.41564941569281,-158.39872954924874,1.0
0.921592698972096,0.36543793548961634,0.13085110814166137,0.0,0.38765475810481337,-0.8836888354268463,-0.2623315281397354,0.0,0.019765771310840608,0.29248787571883633,-0.956064933379241,0.0,958.5211558152477,-103.3316878130217,-158.39874012242626,1.0
0.9212729132974589,0.3662433817717111,0.1308510776730166,0.0,0.38842705423728835,-0.883349644537467,-0.26233152503545915,0.0,0.019510068075532183,0.29250502696416697,-0.9560649384010129,0.0,958.5211580411797,-103.24772621035058,-158.39875069560378,1.0
0.9209524236871746,0.367048548214593,0.13085104720063742,0.0,0.3891990535807026,-0.8830097786971094,-0.26233152195722115,0.0,0.01925434994564323,0.29252195468727904,-0.9560649434161494,0.0,958.5211602671118,-103.16376460767947,-158.3987612687813,1.0
0.9206312303861254,0.36785343420304356,0.13085101672454705,0.0,0.38997075554518046,-0.8826692381654612,-0.2623315189050237,0.0,0.018998617116564993,0.29253865887523833,-0.9560649484246466,0.0,958.5211624930439,-103.07980300500834,-158.39877184195882,1.0
0.9203093336397311,0.3686580391220591,0.1308509862447688,0.0,0.3907421595410734,-0.8823280232027254,-0.26233151587886916,0.0,0.018742869783699954,0.2925551395152814,-0.9560649534265008,0.0,958.521164718976,-102.99584140233722,-158.39878241513634,1.0
0.9199867336939498,0.36946236235685004,0.13085095576132597,0.0,0.3915132649789607,-0.8819861340696202,-0.2623315128787599,0.0,0.018487108142461656,0.2925713965948155,-0.956064958421708,0.0,958.5211669449081,-102.91187979966611,-158.39879298831386,1.0
0.9196634307952759,0.37026640329284266,0.13085092527424186,0.0,0.3922840712696497,-0.8816435710273796,-0.26233150990469817,0.0,0.018231332388274582,0.2925874301014189,-0.9560649634102647,0.0,958.5211691708403,-102.82791819699499,-158.39880356149138,1.0
0.9193394251907414,0.3710701613156785,0.13085089478353976,0.0,0.39305457782417613,-0.8813003343377511,-0.2623315069566862,0.0,0.017975542716574026,0.2926032400228405,-0.9560649683921668,0.0,958.5211713967724,-102.74395659432386,-158.3988141346689,1.0
0.9190147171279155,0.3718736358112154,0.1308508642892429,0.0,0.39382478405380517,-0.8809564242629989,-0.2623315040347263,0.0,0.017719739322805864,0.29261882634700015,-0.9560649733674105,0.0,958.5211736227045,-102.65999499165275,-158.39882470784642,1.0
0.9186893068549038,0.37267682616552805,0.13085083379137472,0.0,0.3945946893700311,-0.8806118410659,-0.26233150113882064,0.0,0.017463922402426512,0.2926341890619885,-0.9560649783359921,0.0,958.5211758486366,-102.57603338898163,-158.39883528102393,1.0
0.9183631946203481,0.3734797317649079,0.13085080328995838,0.0,0.39536429318457816,-0.8802665850097466,-0.26233149826897156,0.0,0.017208092150902684,0.2926493281560671,-0.9560649832979078,0.0,958.5211780745686,-102.49207178631052,-158.39884585420145,1.0
0.9180363806734275,0.3742823519958641,0.13085077278501733,0.0,0.39613359490940125,-0.879920656358345,-0.26233149542518114,0.0,0.0169522487637113,0.29266424361766835,-0.9560649882531538,0.0,958.5211803005008,-102.4081101836394,-158.39885642737897,1.0
0.9177088652638563,0.37508468624512414,0.13085074227657473,0.0,0.39690259395668565,-0.8795740553760151,-0.2623314926074516,0.0,0.016696392436339292,0.2926789354353955,-0.9560649932017263,0.0,958.5211825264329,-102.32414858096827,-158.39886700055646,1.0
0.9173806486418854,0.3758867338996335,0.13085071176465396,0.0,0.39767128973884835,-0.8792267823275906,-0.2623314898157851,0.0,0.01644052336428351,0.2926934035980227,-0.9560649981436216,0.0,958.521184752365,-102.24018697829716,-158.39887757373398,1.0
0.9170517310583014,0.3766884943465571,0.13085068124927837,0.0,0.3984396816685378,-0.8788788374784189,-0.26233148705018366,0.0,0.01618464174305053,0.29270764809449507,-0.9560650030788357,0.0,958.5211869782971,-102.15622537562604,-158.3988881469115,1.0
0.9167221127644262,0.377489966973279,0.13085065073047125,0.0,0.3992077691586346,-0.8785302210943603,-0.2623314843106495,0.0,0.015928747768156518,0.2927216689139285,-0.956065008007365,0.0,958.5211892042292,-102.07226377295493,-158.39889872008902,1.0
0.916391794012117,0.37829115116740347,0.13085062020825589,0.0,0.3999755516222522,-0.8781809334417889,-0.2623314815971848,0.0,0.01567284163512705,0.29273546604560974,-0.9560650129292059,0.0,958.5211914301614,-101.9883021702838,-158.39890929326654,1.0
0.9160607750537672,0.37909204631675486,0.13085058968265562,0.0,0.40074302847273685,-0.8778309747875912,-0.26233147890979147,0.0,0.015416923539497047,0.2927490394789967,-0.9560650178443542,0.0,958.5211936560935,-101.90434056761268,-158.39891986644406,1.0
0.9157290561423042,0.37989265180937853,0.13085055915369379,0.0,0.40151019912366853,-0.8774803453991664,-0.26233147624847153,0.0,0.01516099367681054,0.2927623892037181,-0.9560650227528066,0.0,958.5211958820256,-101.82037896494157,-158.39893043962158,1.0
0.9153966375311904,0.38069296703354133,0.13085052862139368,0.0,0.40227706298886107,-0.8771290455444267,-0.26233147361322723,0.0,0.01490505224262053,0.29277551520957346,-0.9560650276545589,0.0,958.5211981079576,-101.73641736227044,-158.3989410127991,1.0
0.9150635194744231,0.3814929913777315,0.1308504980857787,0.0,0.40304361948236267,-0.8767770754917956,-0.2623314710040604,0.0,0.014649099432488898,0.2927884174865334,-0.9560650325496077,0.0,958.5212003338897,-101.65245575959932,-158.39895158597662,1.0
0.914729702226534,0.38229272423066,0.1308504675468721,0.0,0.40380986801845664,-0.8764244355102101,-0.2623314684209731,0.0,0.014393135441986213,0.29280109602473947,-0.9560650374379493,0.0,958.5212025598219,-101.56849415692821,-158.39896215915414,1.0
0.914395186042589,0.38309216498126,0.13085043700469726,0.0,0.4045758080116611,-0.8760711258691175,-0.26233146586396733,0.0,0.014137160466691565,0.2928135508145041,-0.9560650423195797,0.0,958.521204785754,-101.48453255425709,-158.39897273233166,1.0
0.9140599711781878,0.38389131301868845,0.1308504064592775,0.0,0.40534143887673046,-0.8757171468384782,-0.26233146333304497,0.0,0.013881174702192436,0.29282578184631075,-0.9560650471944953,0.0,958.5212070116861,-101.40057095158598,-158.39898330550918,1.0
0.9137240578894642,0.3846901677323254,0.13085037591063617,0.0,0.406106760028655,-0.8753624986887628,-0.262331460828208,0.0,0.013625178344084578,0.2928377891108138,-0.9560650520626923,0.0,958.5212092376182,-101.31660934891485,-158.3989938786867,1.0
0.9133874464330857,0.38548872851177546,0.1308503453587966,0.0,0.4068717708826619,-0.8750071816909546,-0.2623314583494584,0.0,0.013369171587971823,0.29284957259883876,-0.9560650569241672,0.0,958.5212114635503,-101.23264774624373,-158.39900445186422,1.0
0.9130501370662533,0.38628699474686756,0.13085031480378218,0.0,0.4076364708542151,-0.8746511961165467,-0.26233145589679796,0.0,0.013113154629465943,0.2928611323013819,-0.9560650617789159,0.0,958.5212136894825,-101.14868614357262,-158.39901502504173,1.0
0.9127121300467012,0.38708496582765584,0.13085028424561618,0.0,0.4084008593590163,-0.8742945422375435,-0.2623314534702285,0.0,0.012857127664186516,0.29287246820961055,-0.9560650666269352,0.0,958.5212159154146,-101.0647245409015,-158.39902559821925,1.0
0.9123734256326962,0.3878826411444197,0.13085025368432196,0.0,0.40916493581300534,-0.8739372203264604,-0.2623314510697521,0.0,0.012601090887760751,0.29288358031486317,-0.956065071468221,0.0,958.5212181413467,-100.98076293823038,-158.39903617139677,1.0
0.9120340240830389,0.388680020087665,0.13085022311992292,0.0,0.40992869963236006,-0.8735792306563225,-0.26233144869537034,0.0,0.01234504449582337,0.29289446860864904,-0.9560650763027696,0.0,958.5212203672787,-100.89680133555926,-158.3990467445743,1.0
0.9116939256570618,0.38947710204812364,0.1308501925524424,0.0,0.41069215023349764,-0.8732205735006657,-0.2623314463470852,0.0,0.012088988684016434,0.2929051330826486,-0.9560650811305775,0.0,958.5212225932108,-100.81283973288814,-158.3990573177518,1.0
0.9113531306146302,0.39027388641675465,0.13085016198190372,0.0,0.4114552870330743,-0.872861249133536,-0.2623314440248984,0.0,0.011832923647989218,0.2929155737287133,-0.9560650859516411,0.0,958.521224819143,-100.72887813021703,-158.39906789092933,1.0
0.9110116392161415,0.39107037258474436,0.13085013140833032,0.0,0.41221810944798604,-0.8725012578294885,-0.2623314417288118,0.0,0.011576849583397998,0.2929257905388654,-0.9560650907659564,0.0,958.5212270450751,-100.6449165275459,-158.39907846410685,1.0
0.9106694517225254,0.391866559943507,0.13085010083174548,0.0,0.41298061689536925,-0.8721405998635886,-0.26233143945882703,0.0,0.011320766685906014,0.29293578350529853,-0.9560650955735198,0.0,958.5212292710072,-100.56095492487478,-158.39908903728437,1.0
0.9103265683952433,0.39266244788468496,0.13085007025217257,0.0,0.4137428087926008,-0.871779275511411,-0.2623314372149459,0.0,0.011064675151183197,0.2929455526203771,-0.9560651003743278,0.0,958.5212314969393,-100.47699332220367,-158.3990996104619,1.0
0.9099829894962885,0.3934580358001497,0.130850039669635,0.0,0.4145046845572987,-0.8714172850490391,-0.26233143499717015,0.0,0.010808575174906115,0.29295509787663665,-0.9560651051683766,0.0,958.5212337228714,-100.39303171953254,-158.39911018363938,1.0
0.9096387152881856,0.3942533230820018,0.13085000908415612,0.0,0.4152662436073228,-0.8710546287530659,-0.26233143280550136,0.0,0.010552466952757775,0.29296441926678374,-0.9560651099556626,0.0,958.5212359488036,-100.30907011686143,-158.3991207568169,1.0
0.9092937460339905,0.3950483091225714,0.13084997849575927,0.0,0.41602748536077444,-0.8706913069005926,-0.26233143063994135,0.0,0.010296350680427481,0.29297351678369604,-0.9560651147361822,0.0,958.5212381747357,-100.22510851419031,-158.39913132999442,1.0
0.9089480819972899,0.3958429933144189,0.13084994790446788,0.0,0.41678840923599786,-0.8703273197692292,-0.2623314285004916,0.0,0.010040226553610684,0.29298239042042223,-0.9560651195099316,0.0,958.5212404006677,-100.14114691151919,-158.39914190317194,1.0
0.9086017234422024,0.39663737505033553,0.13084991731030526,0.0,0.41754901465157984,-0.8699626676370942,-0.26233142638715395,0.0,0.00978409476800886,0.29299104017018207,-0.956065124276907,0.0,958.5212426265998,-100.05718530884808,-158.39915247634946,1.0
0.9082546706333756,0.3974314537233434,0.13084988671329484,0.0,0.41830930102635083,-0.869597350782814,-0.26233142429992995,0.0,0.009527955519329287,0.29299946602636634,-0.9560651290371052,0.0,958.5212448525319,-99.97322370617695,-158.39916304952698,1.0
0.907906923835989,0.39822522872669613,0.13084985611345992,0.0,0.4190692677793848,-0.8692313694855229,-0.2623314222388211,0.0,0.009271809003285012,0.2930076679825371,-0.9560651337905223,0.0,958.5212470784641,-99.88926210350583,-158.3991736227045,1.0
0.907558483315752,0.3990186994538797,0.13084982551082402,0.0,0.41982891432999997,-0.8688647240248628,-0.262331420203829,0.0,0.009015655415594594,0.29301564603242714,-0.9560651385371547,0.0,958.5212493043962,-99.80530050083472,-158.39918419588201,1.0
0.9072093493389036,0.39981186529861235,0.1308497949054104,0.0,0.4205882400977592,-0.8684974146809835,-0.2623314181949553,0.0,0.008759494951981996,0.2930234001699406,-0.9560651432769988,0.0,958.5212515303283,-99.7213388981636,-158.39919476905953,1.0
0.9068595221722131,0.4006047256548451,0.13084976429724246,0.0,0.4213472445024707,-0.8681294417345417,-0.26233141621220146,0.0,0.008503327808176427,0.2930309303891526,-0.9560651480100508,0.0,958.5212537562604,-99.63737729549248,-158.39920534223705,1.0
0.9065090020829796,0.4013972799167629,0.13084973368634364,0.0,0.422105926964188,-0.8677608054667012,-0.262331414255569,0.0,0.00824715417991224,0.2930382366843095,-0.9560651527363073,0.0,958.5212559821925,-99.55341569282136,-158.39921591541457,1.0
0.9061577893390312,0.402189527478784,0.13084970307273733,0.0,0.42286428690321065,-0.8673915061591325,-0.2623314123250594,0.0,0.007990974262928701,0.29304531904982856,-0.9560651574557647,0.0,958.5212582081247,-99.46945409015024,-158.3992264885921,1.0
0.9058058842087254,0.40298146773556154,0.13084967245644682,0.0,0.42362232374008474,-0.8670215440940132,-0.26233141042067426,0.0,0.007734788252969905,0.29305217748029816,-0.9560651621684193,0.0,958.5212604340567,-99.38549248747913,-158.3992370617696,1.0
0.905453286960949,0.40377310008198297,0.13084964183749564,0.0,0.42438003689560294,-0.8666509195540267,-0.2623314085424148,0.0,0.007478596345784586,0.29305881197047795,-0.9560651668742675,0.0,958.5212626599888,-99.301530884808,-158.39924763494713,1.0
0.9050999978651172,0.4045644239131713,0.13084961121590707,0.0,0.4251374257908057,-0.8662796328223632,-0.2623314066902827,0.0,0.007222398737126019,0.29306522251529865,-0.9560651715733056,0.0,958.5212648859209,-99.21756928213689,-158.39925820812465,1.0
0.9047460171911742,0.40535543862448536,0.13084958059170465,0.0,0.4258944898469809,-0.8659076841827182,-0.2623314048642792,0.0,0.00696619562275178,0.29307140910986185,-0.9560651762655302,0.0,958.521267111853,-99.13360767946577,-158.39926878130217,1.0
0.9043913452095926,0.4061461436115199,0.13084954996491158,0.0,0.42665122848566467,-0.8655350739192937,-0.2623314030644058,0.0,0.006709987198423692,0.29307737174944065,-0.9560651809509378,0.0,958.5212693377852,-99.04964607679464,-158.3992793544797,1.0
0.9040359821913732,0.4069365382701065,0.13084951933555147,0.0,0.42740764112864205,-0.8651618023167968,-0.2623314012906638,0.0,0.006453773659907628,0.29308311042947893,-0.9560651856295245,0.0,958.5212715637173,-98.96568447412353,-158.3992899276572,1.0
0.9036799284080445,0.4077266219963138,0.13084948870364757,0.0,0.4281637271979467,-0.8647878696604397,-0.2623313995430546,0.0,0.00619755520297335,0.29308862514559186,-0.9560651903012869,0.0,958.5212737896494,-98.88172287145241,-158.39930050083473,1.0
0.903323184131663,0.40851639418644803,0.13084945806922338,0.0,0.4289194861158622,-0.8644132762359402,-0.26233139782157955,0.0,0.005941332023394415,0.29309391589356576,-0.9560651949662214,0.0,958.5212760155815,-98.79776126878129,-158.39931107401225,1.0
0.902965749634813,0.4093058542370535,0.1308494274323022,0.0,0.42967491730492197,-0.8640380223295208,-0.2623313961262399,0.0,0.005685104316947965,0.293098982669358,-0.9560651996243247,0.0,958.5212782415136,-98.71379966611018,-158.39932164718977,1.0
0.902607625190606,0.41009500154491296,0.13084939679290758,0.0,0.4304300201879099,-0.8636621082279083,-0.262331394457037,0.0,0.00542887227941458,0.293103825469097,-0.9560652042755927,0.0,958.5212804674458,-98.62983806343905,-158.39933222036728,1.0
0.902248811072681,0.41088383550704816,0.13084936615106277,0.0,0.4311847941878605,-0.8632855342183348,-0.26233139281397216,0.0,0.005172636106578195,0.2931084442890827,-0.9560652089200223,0.0,958.5212826933778,-98.54587646076794,-158.3993427935448,1.0
0.9018893075552031,0.4116723555207203,0.13084933550679134,0.0,0.4319392387280599,-0.8629083005885357,-0.26233139119704657,0.0,0.004916395994225871,0.2931128391257857,-0.9560652135576098,0.0,958.5212849193099,-98.46191485809682,-158.3993533667223,1.0
0.9015291149128649,0.41246056098343037,0.13084930486011662,0.0,0.4326933532320458,-0.8625304076267509,-0.26233138960626146,0.0,0.004660152138147688,0.29311700997584794,-0.9560652181883516,0.0,958.521287145242,-98.3779532554257,-158.3993639398998,1.0
0.9011682334208858,0.4132484512929198,0.13084927421106204,0.0,0.43344713712360816,-0.8621518556217241,-0.2623313880416181,0.0,0.004403904734136594,0.29312095683608264,-0.9560652228122442,0.0,958.5212893711741,-98.29399165275458,-158.39937451307733,1.0
0.900806663355011,0.4140360258471709,0.13084924355965102,0.0,0.43420058982678944,-0.8617726448627027,-0.2623313865031176,0.0,0.004147653977988256,0.29312467970347406,-0.956065227429284,0.0,958.5212915971063,-98.21003005008346,-158.39938508625485,1.0
0.9004444049915117,0.41482328404440694,0.130849212905907,0.0,0.4349537107658851,-0.8613927756394367,-0.2623313849907612,0.0,0.0038914000655008584,0.2931281785751775,-0.9560652320394677,0.0,958.5212938230384,-98.12606844741234,-158.39939565943237,1.0
0.9000814586071856,0.4156102252830932,0.1308491822498534,0.0,0.43570649936544437,-0.8610122482421798,-0.2623313835045501,0.0,0.003635143192475042,0.29313145344851954,-0.9560652366427915,0.0,958.5212960489705,-98.04210684474123,-158.3994062326099,1.0
0.8997178244793556,0.4163968489619371,0.1308491515915136,0.0,0.43645895505027027,-0.8606310629616892,-0.2623313820444853,0.0,0.003378883554713711,0.29313450432099797,-0.9560652412392521,0.0,958.5212982749026,-97.9581452420701,-158.3994168057874,1.0
0.8993535028858701,0.41718315447988863,0.13084912093091103,0.0,0.43721107724542,-0.8602492200892233,-0.2623313806105681,0.0,0.0031226213480218356,0.2931373311902815,-0.9560652458288459,0.0,958.5213005008347,-97.87418363939899,-158.39942737896493,1.0
0.8989884941051035,0.4179691412361409,0.13084909026806915,0.0,0.437962865376206,-0.8598667199165445,-0.2623313792027994,0.0,0.002866356768206416,0.2931399340542103,-0.9560652504115693,0.0,958.5213027267667,-97.79022203672787,-158.39943795214245,1.0
0.8986227984159542,0.4187548086301304,0.1308490596030114,0.0,0.43871431886819556,-0.8594835627359162,-0.26233137782118043,0.0,0.0026100900110761984,0.29314231291079546,-0.956065254987419,0.0,958.5213049526989,-97.70626043405674,-158.39944852531997,1.0
0.8982564160978466,0.41954015606153827,0.1308490289357612,0.0,0.4394654371472119,-0.8590997488401045,-0.26233137646571214,0.0,0.0023538212724416407,0.2931444677582194,-0.9560652595563913,0.0,958.521307178631,-97.62229883138563,-158.3994590984975,1.0
0.8978893474307286,0.4203251829302894,0.13084899826634197,0.0,0.4402162196393343,-0.8587152785223773,-0.26233137513639565,0.0,0.0020975507481146905,0.29314639859483554,-0.9560652641184829,0.0,958.5213094045631,-97.53833722871451,-158.399469671675,1.0
0.8975215926950736,0.42110988863655396,0.13084896759477715,0.0,0.4409666657708986,-0.8583301520765035,-0.2623313738332319,0.0,0.0018412786339086747,0.29314810541916864,-0.9560652686736901,0.0,958.5213116304952,-97.4543756260434,-158.39948024485253,1.0
0.8971531521718782,0.42189427258074746,0.13084893692109018,0.0,0.44171677496849765,-0.857944369796754,-0.26233137255622196,0.0,0.0015850051256381086,0.29314958822991444,-0.9560652732220096,0.0,958.5213138564274,-97.37041402337228,-158.39949081803005,1.0
0.896784026142664,0.42267833416353134,0.13084890624530443,0.0,0.44246654665898183,-0.8575579319779008,-0.2623313713053667,0.0,0.001328730419118629,0.29315084702594,-0.956065277763438,0.0,958.5213160823595,-97.28645242070115,-158.39950139120756,1.0
0.8964142148894754,0.42346207278581316,0.13084887556744346,0.0,0.4432159802694591,-0.8571708389152158,-0.2623313700806672,0.0,0.0010724547101667059,0.2931518818062835,-0.9560652822979714,0.0,958.5213183082916,-97.20249081803004,-158.39951196438508,1.0
0.8960437186948811,0.42424548784874755,0.13084884488753065,0.0,0.4439650752272963,-0.8567830909044729,-0.2623313688821243,0.0,0.0008161781945996413,0.29315269257015425,-0.9560652868256069,0.0,958.5213205342237,-97.11852921535892,-158.3995225375626,1.0
0.8956725378419731,0.4250285787537361,0.13084881420558941,0.0,0.44471383096011846,-0.8563946882419458,-0.262331367709739,0.0,0.0005599010682353478,0.29315327931693275,-0.9560652913463406,0.0,958.5213227601558,-97.0345676126878,-158.39953311074012,1.0
0.8953006726143662,0.4258113449024281,0.13084878352164322,0.0,0.4454622468958102,-0.8560056312244081,-0.26233136656351214,0.0,0.00030362352689217067,0.2931536420461707,-0.9560652958601693,0.0,958.5213249860878,-96.95060601001668,-158.39954368391764,1.0
0.8949281232961982,0.42659378569672124,0.13084875283571556,0.0,0.4462103224625155,-0.8556159201491339,-0.2623313654434446,0.0,4.7345766388788445e-05,0.29315378075759096,-0.9560653003670895,0.0,958.52132721202,-96.86664440734556,-158.39955425709516,1.0
0.8945548901721297,0.4273759005387615,0.1308487221478298,0.0,0.4469580570886387,-0.8552255553138972,-0.26233136434953724,0.0,-0.0002089320174559354,0.29315369545108744,-0.9560653048670975,0.0,958.5213294379521,-96.78268280467445,-158.39956483027268,1.0
0.8941809735273439,0.428157688830944,0.13084869145800948,0.0,0.4477054502028444,-0.8548345370169708,-0.2623313632817909,0.0,-0.00046520962882314553,0.2931533861267254,-0.9560653093601902,0.0,958.5213316638842,-96.69872120200333,-158.3995754034502,1.0
0.8938063736475462,0.42893914997591365,0.13084866076627796,0.0,0.4484525012340583,-0.8544428655571273,-0.26233136224020637,0.0,-0.0007214868718941139,0.29315285278474124,-0.9560653138463642,0.0,958.5213338898163,-96.6147595993322,-158.39958597662772,1.0
0.8934310908189639,0.4297202833765649,0.1308486300726587,0.0,0.44919920961146725,-0.8540505412336383,-0.2623313612247845,0.0,-0.0009777635508503733,0.2931520954255424,-0.9560653183256158,0.0,958.5213361157485,-96.5307979966611,-158.39959654980524,1.0
0.8930551253283461,0.43050108843604284,0.13084859937717522,0.0,0.4499455747645203,-0.8536575643462745,-0.262331360235526,0.0,-0.001234039469873906,0.2931511140497075,-0.9560653227979415,0.0,958.5213383416806,-96.44683639398997,-158.39960712298273,1.0
0.8926784774629639,0.4312815645577435,0.1308485686798509,0.0,0.45069159612292836,-0.8532639351953045,-0.26233135927243173,0.0,-0.001490314433147267,0.2931499086579866,-0.9560653272633384,0.0,958.5213405676127,-96.36287479131886,-158.39961769616025,1.0
0.8923011475106093,0.4320617111453142,0.13084853798070925,0.0,0.45143727311666537,-0.8528696540814962,-0.26233135833550225,0.0,-0.001746588244853752,0.2931484792513006,-0.9560653317218026,0.0,958.5213427935448,-96.27891318864773,-158.39962826933777,1.0
0.891923135759596,0.4328415276026541,0.13084850727977373,0.0,0.45218260517596814,-0.8524747213061149,-0.26233135742473845,0.0,-0.0020028607091775283,0.2931468258307417,-0.956065336173331,0.0,958.5213450194768,-96.19495158597661,-158.3996388425153,1.0
0.891544442498758,0.4336210133339142,0.13084847657706772,0.0,0.4529275917313371,-0.8520791371709242,-0.26233135654014095,0.0,-0.002259131630303791,0.2931449483975732,-0.95606534061792,0.0,958.521347245409,-96.1109899833055,-158.3996494156928,1.0
0.8911650680174508,0.4344001677434988,0.1308484458726148,0.0,0.45367223221353686,-0.8516829019781855,-0.26233135568171045,0.0,-0.0025154008124189235,0.2931428469532298,-0.9560653450555662,0.0,958.5213494713411,-96.02702838063438,-158.39965998887033,1.0
0.8907850126055497,0.4351789902360652,0.13084841516643833,0.0,0.45441652605359606,-0.8512860160306572,-0.26233135484944753,0.0,-0.0027716680597106224,0.293140521499317,-0.9560653494862663,0.0,958.5213516972732,-95.94306677796325,-158.39967056204785,1.0
