Xx,Xy,Xz,0,Yx,Yy,Yz,0,Zx,Zy,Zz,0,Px,Py,Pz,1,time
0.9380189296175131,0.027641483275696058,-0.3454800082226675,0.0,0.02955158474431612,-0.9995632221949257,0.0002620580030911215,0.0,-0.3453218665510692,-0.010455297108016426,-0.9384260734037969,0.0,485.364,-1.213,234.338,1.0,0.0
0.9380189298556775,0.027641483852739488,-0.34548000752985436,0.0,0.029551585150744013,-0.9995632221830525,0.0002620574589020414,0.0,-0.3453218658693477,-0.010455296717558165,-0.9384260736590069,0.0,485.3640007949491,-1.2130000314362293,234.33799947661817,1.0,0.04004004004004004
0.9380189315213971,0.027641487888575157,-0.3454800026843265,0.0,0.029551587993296408,-0.9995632221000118,0.0002620536528493392,0.0,-0.3453218611013946,-0.010455293986697195,-0.9384260754439429,0.0,485.3640063548149,-1.2130002513008855,234.33799581609105,1.0,0.08008008008008008
0.9380189360382902,0.02764149883245731,-0.3454799895448204,0.0,0.029551595701380124,-0.9995632218748318,0.000262043332064353,0.0,-0.34532184817224654,-0.010455286581484523,-0.9384260802841121,0.0,485.3640214313744,-1.213000847502789,234.33798588992437,1.0,0.12012012012012012
0.9380189448256803,0.02764152012323499,-0.34547996398256486,0.0,0.0295516106970737,-0.9995632214367549,0.0002620232534911948,0.0,-0.3453218230192324,-0.010455272175011448,-0.9384260897004197,0.0,485.3640507620704,-1.2130020073839154,234.3379665790612,1.0,0.16016016016016016
0.9380189592985947,0.027641555189351744,-0.3454799218812803,0.0,0.029551635395127843,-0.9995632207152366,0.00026199018388708143,0.0,-0.34532178159197385,-0.010455248447409093,-0.9384261052091678,0.0,485.3640990700116,-1.2130039177193968,234.33793477388195,1.0,0.2002002002002002
0.9380189808677646,0.02764160744884527,-0.34547985913717794,0.0,0.02955167220296585,-0.9995632196399452,0.00026194089982266576,0.0,-0.34532171985238463,-0.01045521308584794,-0.9384261283220542,0.0,485.36417106397255,-1.2130067647175207,234.33788737420454,1.0,0.24024024024024024
0.9380190109396231,0.027641680309346984,-0.3454797716589596,0.0,0.029551723520684175,-0.9995632181407607,0.0002618721876824997,0.0,-0.34532163377467107,-0.010455163784537183,-0.9384261605461721,0.0,485.3642714383936,-1.2130107340197307,234.33782128928414,1.0,0.2802802802802803
0.9380190509163046,0.027641777168081416,-0.3454796553678164,0.0,0.029551791741053265,-0.9995632161477748,0.00026178084366562996,0.0,-0.3453215193453319,-0.010455098244723893,-0.9384262033840085,0.0,485.3644048733808,-1.2130160107006265,234.3377334378134,1.0,0.3203203203203203
0.938019102195642,0.027641901411865483,-0.34547950619742723,0.0,0.02955187924951847,-0.9995632135912883,0.0002616636737863591,0.0,-0.34532137256315787,-0.010455014174691938,-0.9384262583334416,0.0,485.3645760347063,-1.213022779267963,234.33762074792233,1.0,0.3603603603603604
0.938019166171166,0.027642056417107836,-0.34547932009395826,0.0,0.02955198842420092,-0.9995632104018115,0.0002615174938748744,0.0,-0.34532118943923223,-0.010454909289761106,-0.9384263268877404,0.0,485.36478957380785,-1.2130312236626524,234.33748015717833,1.0,0.4004004004004004
0.9380192442321019,0.027642245549807994,-0.34547909301606106,0.0,0.02955212163589867,-0.9995632065100616,0.0002613391295781742,0.0,-0.34532096599693024,-0.010454781312285808,-0.9384264105355618,0.0,485.3650501277892,-1.2130415272587611,234.3373086125862,1.0,0.44044044044044045
0.938019337763368,0.027642472165555206,-0.3454788209348707,0.0,0.029552281248088196,-0.9995632018469618,0.0002611254163611936,0.0,-0.34532069827191914,-0.01045462797165349,-0.9384265107609481,0.0,485.36536231941966,-1.2130538728635123,234.33710307058814,1.0,0.4804804804804805
0.9380194481455727,0.027642739609527667,-0.3454784998340046,0.0,0.029552469616925404,-0.9995631963436397,0.00026087319950759784,0.0,-0.3453203823121582,-0.010454447004283513,-0.9384266290433251,0.0,485.3657307571347,-1.2130684427172853,234.33686049706367,1.0,0.5205205205205206
0.9380195767550112,0.027643051216491087,-0.34547812570955994,0.0,0.02955268909124754,-0.9995631899314246,0.00026057933412127214,0.0,-0.34532001417789865,-0.010454236153625077,-0.9384267668574989,0.0,485.36616003503553,-1.2130854184936148,234.33657786732977,1.0,0.5605605605605606
0.9380197249636637,0.02764341031079774,-0.3454776945701123,0.0,0.029552942012574433,-0.9995631825418467,0.00026024068512724814,0.0,-0.3453195899416833,-0.0104539931701559,-0.9384269256736532,0.0,485.366654732889,-1.2131049812991919,234.33625216614078,1.0,0.6006006006006006
0.9380198941391898,0.02764382020638479,-0.3454772024367125,0.0,0.029553230715110654,-0.9995631741066341,0.0002598541272734244,0.0,-0.34531910568834673,-0.010453715811379813,-0.9384271069573451,0.0,485.367219416128,-1.2131273116738626,234.33588038768843,1.0,0.6406406406406406
0.9380200856449278,0.02764428420677321,-0.34547664534288497,0.0,0.029553557525747034,-0.9995631645577103,0.00025941654513169217,0.0,-0.34531855751501495,-0.010453401841825177,-0.9384273121695034,0.0,485.36785863585123,-1.21315258959063,234.33545953560184,1.0,0.6806806806806808
0.9380203008398884,0.027644805605066068,-0.3454760193346248,0.0,0.029553924764062812,-0.9995631538271933,0.0002589248330996226,0.0,-0.3453179415311055,-0.010453049033042503,-0.9384275427664233,0.0,485.3685769288231,-1.2131809944556524,234.33498662294755,1.0,0.7207207207207208
0.9380205410787518,0.027645387683946844,-0.34547532047039503,0.0,0.029554334742327912,-0.9995631418473909,0.00025837589540222104,0.0,-0.345317253858327,-0.010452655163602003,-0.9384278001997634,0.0,485.3693788174739,-1.2132127051082444,234.3344586722294,1.0,0.7607607607607607
0.9380208077118644,0.02764603371567799,-0.34547454482112405,0.0,0.029554789765504817,-0.9995631285507997,0.00025776664609338304,0.0,-0.34531649063067926,-0.010452218019091526,-0.938428085916541,0.0,485.3702688098998,-1.213247899820876,234.33387271538876,1.0,0.8008008008008008
0.9380211020852322,0.027646746962098935,-0.34547368847020216,0.0,0.029555292131251187,-0.9995631138701012,0.0002570940090579133,0.0,-0.3453156479944531,-0.01045173539211374,-0.9384284013591289,0.0,485.3712513998628,-1.2132867562991734,234.33322579380422,1.0,0.8408408408408408
0.9380214255405179,0.02764753067462434,-0.34547274751347906,0.0,0.029555844129922175,-0.9995630977381595,0.0002563549180133125,0.0,-0.34531472210822994,-0.010451205082283607,-0.9384287479652494,0.0,485.3723310667907,-1.2133294516819189,234.3325149582919,1.0,0.8808808808808809
0.9380217794150356,0.02764838809424203,-0.34547171805925975,0.0,0.0295564480445731,-0.9995630800880175,0.00025554631651186256,0.0,-0.345313709142882,-0.010450624896225459,-0.9384291271679708,0.0,485.3735122757771,-1.2133761625410502,234.33173726910525,1.0,0.9209209209209209
0.9380221650417454,0.027649322451511076,-0.3454705962283018,0.0,0.029557106150962038,-0.9995630608528945,0.00025466515794261255,0.0,-0.3453126052815719,-0.010449992647570213,-0.9384295403957018,0.0,485.3747994775815,-1.2134270648816612,234.3308897959351,1.0,0.960960960960961
0.9380225837492483,0.02765033696655966,-0.3454693781538113,0.0,0.029557820717552547,-0.9995630399661818,0.00025370840553349654,0.0,-0.3453114067197525,-0.010449306156952385,-0.9384299890721869,0.0,485.37619710862924,-1.2134823341420018,234.32996961790965,1.0,1.001001001001001
0.938023036861781,0.027651434849082758,-0.3454680599814395,0.0,0.029558594005516796,-0.9995630173614399,0.00025267303235374975,0.0,-0.3453101096651668,-0.010448563252006706,-0.9384304746165002,0.0,485.37770959101135,-1.2135421451934776,234.32897382359457,1.0,1.0410410410410411
0.9380235256992097,0.027652619298340005,-0.34546663786927856,0.0,0.02955942826873829,-0.9995629929723946,0.0002515560213160274,0.0,-0.34530871033784755,-0.010447761767365145,-0.938430998443041,0.0,485.3793413324849,-1.21360667234065,234.32789951099284,1.0,1.0810810810810811
0.9380240515770248,0.02765389350315333,-0.3454651079878582,0.0,0.029560325753815064,-0.9995629667329334,0.00025035436517885314,0.0,-0.3453072049701173,-0.010446899544653455,-0.9384315619615277,0.0,485.3810967264726,-1.2136760893212368,234.32674378754487,1.0,1.1211211211211212
0.9380246158063343,0.027655260641904354,-0.34546346652014076,0.0,0.029561288700063023,-0.999562938577101,0.00024906506654923485,0.0,-0.34530558980658793,-0.010445974432487522,-0.938432166576991,0.0,485.38298015206306,-1.213750569306111,234.32550377012845,1.0,1.1611611611611612
0.9380252196938582,0.027656723882532087,-0.34546170966151757,0.0,0.029562319339519007,-0.9995629084390961,0.00024768513788501405,0.0,-0.3453038611041608,-0.010444984286470047,-0.9384328136897696,0.0,485.38499597401085,-1.213830284899302,234.32417658505872,1.0,1.2012012012012012
0.938025864541921,0.027658286382530203,-0.3454598336198044,0.0,0.02956341989694439,-0.9995628762532667,0.0002462116014976472,0.0,-0.345302015132026,-0.010443926969186649,-0.9384335046955024,0.0,485.3871485427361,-1.2139154081379948,234.32275936808827,1.0,1.2412412412412412
0.9380265516484461,0.02765995128894437,-0.3454578346152369,0.0,0.029564592589828555,-0.9995628419541058,0.0002446414895549192,0.0,-0.3453000481716627,-0.010442800350202048,-0.9384342409851226,0.0,485.38944219432506,-1.2140061104925306,234.32124926440704,1.0,1.2812812812812813
0.9380272823069485,0.02766172173836963,-0.3454557088804661,0.0,0.02956583962839235,-0.9995628054762477,0.000242971844083593,0.0,-0.3452979565168385,-0.010441602306056352,-0.9384350239448512,0.0,485.3918812505296,-1.2141025628664064,234.3196434286424,1.0,1.3213213213213213
0.9380280578065278,0.027663600856947423,-0.34545345266055333,0.0,0.029567163215591996,-0.9995627667544621,0.00024119971697245416,0.0,-0.3452957364736093,-0.010440330720260774,-0.9384358549561901,0.0,485.3944700187675,-1.214204935596275,234.31793902485902,1.0,1.3613613613613615
0.9380288794318611,0.02766559176036284,-0.34545106221296595,0.0,0.02956856554712271,-0.9995627257236511,0.0002393221699750923,0.0,-0.34529338436031903,-0.010438983483293729,-0.9384367353959152,0.0,485.39721279212245,-1.2143133984519447,234.31613322655906,1.0,1.4014014014014016
0.9380297484631954,0.027667697553841505,-0.3454485338075716,0.0,0.029570048811422778,-0.9995626823188429,0.0002373362747130797,0.0,-0.34529089650759964,-0.010437558492596373,-0.9384376666360686,0.0,485.40011384934377,-1.2144281206363807,234.31422321668202,1.0,1.4414414414414416
0.9380306661763408,0.02766992133214681,-0.3454458637266339,0.0,0.029571615189677217,-0.9995626364751887,0.0002352391126787854,0.0,-0.3452882692583704,-0.01043605365256865,-0.9384386500439529,0.0,485.4031774548468,-1.2145492707857035,234.31220618760477,1.0,1.4814814814814814
0.9380316338426617,0.027672266179576455,-0.34544304826480643,0.0,0.029573266855822285,-0.9995625881279561,0.0002330277752388848,0.0,-0.34528549896783817,-0.010434466874564369,-0.9384396869821217,0.0,485.4064078587126,-1.2146770169691892,234.31007934114163,1.0,1.5215215215215214
0.9380326527290694,0.027674735169959584,-0.3454400837291279,0.0,0.02957500597654928,-0.9995625372125246,0.00023069936363727424,0.0,-0.34528258200349654,-0.010432796076887102,-0.9384407788083731,0.0,485.4098092966882,-1.2148115266892703,234.30783988854424,1.0,1.5615615615615617
0.9380337240980146,0.02767733136665344,-0.34543696643901656,0.0,0.0295768347113089,-0.9995624836643808,0.00022825098899848133,0.0,-0.34527951474512597,-0.01043103918478541,-0.938441926875742,0.0,485.41338599018627,-1.2149529668815349,234.30548505050166,1.0,1.6016016016016017
0.938034849207478,0.027680057822539995,-0.3454336927262646,0.0,0.029578755212315677,-0.9995624274191126,0.00022567977233107613,0.0,-0.34527629358479345,-0.01042919413044805,-0.9384431325324916,0.0,485.4171421462854,-1.2151015039147273,234.30301205714036,1.0,1.6416416416416417
0.9380360293109634,0.027682917580022757,-0.3454302589350327,0.0,0.029580769624552212,-0.9995623684124042,0.00022298284453095012,0.0,-0.3452729149268521,-0.010427258852999369,-0.9384443971221055,0.0,485.4210819577301,-1.2152573035907472,234.30041814802416,1.0,1.6816816816816815
0.9380372656574877,0.027685913671023108,-0.3454266614218437,0.0,0.029582880085773897,-0.9995623065800301,0.0002201573463849924,0.0,-0.3452693751879409,-0.010425231298494155,-0.9384457219832792,0.0,485.4252096029306,-1.2154205311446509,234.2977005721543,1.0,1.7217217217217218
0.9380385594915732,0.02768904911697699,-0.3454228965555771,0.0,0.029585088726513355,-0.9995622418578499,0.00021720042857450165,0.0,-0.34526567079698445,-0.010423109419912837,-0.9384471084499124,0.0,485.4295292459629,-1.2155913512446501,234.29485658796938,1.0,1.7617617617617618
0.938039912053238,0.027692326928831317,-0.34541896071746325,0.0,0.02958739767008511,-0.9995621741818028,0.0002141092516788296,0.0,-0.34526179819519265,-0.01042089117715639,-0.9384485578510993,0.0,485.434045036569,-1.2157699279921124,234.29188346334539,1.0,1.801801801801802
0.9380413245779878,0.027695750107040257,-0.3454148503010767,0.0,0.02958980903259044,-0.999562103487901,0.00021088098617912517,0.0,-0.3452577538360604,-0.010418574537041064,-0.9384500715111205,0.0,485.43876111015663,-1.2159564249215613,234.28877847559573,1.0,1.8418418418418419
0.9380427982968065,0.0276993216415617,-0.3454105617123305,0.0,0.02959232492292207,-0.9995620297122246,0.00020751281246197812,0.0,-0.3452535341853672,-0.01041615747329329,-0.9384516507494344,0.0,485.4436815877994,-1.2161510050006765,234.2855389114712,1.0,1.881881881881882
0.938044334436146,0.027703044511853316,-0.34540609136946954,0.0,0.0295949474427693,-0.9995619527909152,0.0002040019208233956,0.0,-0.34524913572117705,-0.010413637966544091,-0.9384532968806673,0.0,485.44881057623667,-1.2163538306302935,234.28216206716,1.0,1.921921921921922
0.9380459342179179,0.027706921686869005,-0.3454014357030643,0.0,0.029597678686622678,-0.9995618726601699,0.00020034551147241395,0.0,-0.3452445549338378,-0.010411014004324025,-0.938455011214605,0.0,485.45415216787376,-1.2165650636444032,234.27864524828757,1.0,1.961961961961962
0.9380475988594836,0.027710956125054836,-0.3453965911560045,0.0,0.02960052074177933,-0.9995617892562355,0.00019654079453524102,0.0,-0.34523978832598123,-0.010408283581057375,-0.9384567950561833,0.0,485.45971044078163,-1.2167848653101532,234.27498576991695,1.0,2.002002002002002
0.9380493295736443,0.027715150774345224,-0.34539155418349227,0.0,0.029603475688347976,-0.9995617025154011,0.000192584990059134,0.0,-0.3452348324125223,-0.010405444698056708,-0.9384586497054783,0.0,485.4654894586973,-1.2170133963278464,234.27118095654845,1.0,2.042042042042042
0.9380511275686311,0.02771950857215893,-0.3453863212530355,0.0,0.029606545599254165,-0.9995616123739932,0.0001884753280164762,0.0,-0.34522968372065904,-0.010402495363517169,-0.9384605764576969,0.0,485.4714932710234,-1.217250816830942,234.2672281421198,1.0,2.0820820820820822
0.9380529940480953,0.02772403244539501,-0.34538088884444096,0.0,0.029609732540245588,-0.999561518768368,0.0001842090483088877,0.0,-0.3452243387898723,-0.010399433592510712,-0.9384625766031671,0.0,485.47772591282865,-1.2174972863860545,234.2631246700061,1.0,2.1221221221221223
0.9380549302110979,0.027728725310428876,-0.3453752534498081,0.0,0.029613038569897266,-0.9995614216349061,0.00017978340077123698,0.0,-0.34521879417192525,-0.01039625740698049,-0.9384646514273288,0.0,485.48419140484725,-1.2177529639929547,234.25886789301987,1.0,2.1621621621621623
0.9380569372521,0.02773359007310795,-0.3453694115735208,0.0,0.029616465739617195,-0.9995613209100047,0.00017519564517605058,0.0,-0.3452130464308631,-0.010392964835734663,-0.9384668022107225,0.0,485.4908937534796,-1.2180180080845697,234.25445517341095,1.0,2.2022022022022023
0.9380590163609515,0.027738629628747596,-0.34536335973224175,0.0,0.02962001609365173,-0.9995612165300714,0.00017044305123765805,0.0,-0.34520709214301265,-0.0103895539144406,-0.9384690302289803,0.0,485.4978369507917,-1.2182925765269819,234.24988388286667,1.0,2.2422422422422423
0.9380611687228808,0.027743846862126924,-0.34535709445490426,0.0,0.029623691669091064,-0.9995611084315177,0.00016552289861647055,0.0,-0.3452009278969821,-0.010386022685618893,-0.9384713367528154,0.0,485.5050249745154,-1.2185768266194297,234.24515140251165,1.0,2.2822822822822824
0.9380633955184846,0.027749244647484423,-0.34535061228270575,0.0,0.029627494495874918,-0.9995609965507517,0.00016043247692339207,0.0,-0.3451945502936606,-0.010382369198637163,-0.9384737230480112,0.0,485.5124617880484,-1.2188709150943073,234.240255122908,1.0,2.3223223223223224
0.9380656979237171,0.02775482584851358,-0.34534390976909984,0.0,0.029631426596798335,-0.9995608808241714,0.0001551690857242975,0.0,-0.3451879559462178,-0.01037859150970381,-0.938476190375412,0.0,485.5201513404544,-1.2191749981171653,234.23519244405512,1.0,2.3623623623623624
0.9380680771098782,0.02776059331835863,-0.34533698347978947,0.0,0.029635489987517194,-0.9995607611881573,0.0001497300345443465,0.0,-0.3451811414801038,-0.010374687681861961,-0.9384787399909111,0.0,485.52809756646263,-1.2194892312867096,234.22996077538986,1.0,2.4024024024024024
0.9380705342436034,0.02776654989961006,-0.3453298299927194,0.0,0.029639686676554127,-0.9995606375790661,0.00014411264287256178,0.0,-0.34517410353304845,-0.010370655784983076,-0.9384813731454412,0.0,485.53630438646843,-1.2198137696348026,234.2245575357864,1.0,2.4424424424424425
0.9380730704868524,0.027772698424300028,-0.34532244589806804,0.0,0.029644018665304504,-0.9995605099332228,0.000138314240166476,0.0,-0.34516683875506105,-0.010366493895760432,-0.9384840910849629,0.0,485.54477570653273,-1.2201487676264617,234.21898015355643,1.0,2.4824824824824825
0.9380756869968977,0.027779041713897994,-0.345314827798241,0.0,0.029648487948042136,-0.9995603781869135,0.0001323321658565789,0.0,-0.3451593438084301,-0.010362200097702915,-0.9384868950504539,0.0,485.5535154183825,-1.2204943791598615,234.21322606644887,1.0,2.522522522522523
0.9380783849263137,0.027785582579306082,-0.34530697230786217,0.0,0.029653096511925353,-0.9995602422763785,0.00012616376935103215,0.0,-0.3451516153677229,-0.010357772481128423,-0.9384897862778985,0.0,485.56252739941044,-1.2208507575663312,234.20729272165013,1.0,2.5625625625625625
0.938081165422964,0.027792323820854357,-0.34529887605376686,0.0,0.0296578463370032,-0.9995601021378049,0.00011980641004048259,0.0,-0.345143650119785,-0.010353209143157132,-0.9384927659982754,0.0,485.571815512675,-1.2212180556103567,234.201177575784,1.0,2.6026026026026026
0.9380840296299919,0.027799268228296373,-0.3452905356749936,0.0,0.02966273939622123,-0.9995599577073185,0.00011325745730257972,0.0,-0.34513544476374003,-0.010348508187705194,-0.9384958354375477,0.0,485.58138360690066,-1.2215964254895793,234.19487809491162,1.0,2.6426426426426426
0.9380869786858069,0.02780641858080429,-0.34528194782277644,0.0,0.029667777655427868,-0.9995598089209773,0.00010651429050692409,0.0,-0.3451269960109894,-0.010343667725477809,-0.938498995816651,0.0,485.5912355164776,-1.2219860188347966,234.18839175453155,1.0,2.6826826826826826
0.9380900137240732,0.027813777646964175,-0.3452731091605366,0.0,0.029672963073380625,-0.9995596557147627,9.957429901988385e-05,0.0,-0.34511830058521137,-0.010338685873962503,-0.9385022483514812,0.0,485.60137506146174,-1.2223869867099622,234.18171603957973,1.0,2.722722722722723
0.9380931358736987,0.027821348184771288,-0.3452640163638747,0.0,0.029678297601752154,-0.9995594980245729,9.243488220934705e-05,0.0,-0.3451093552223614,-0.010333560757422495,-0.9385055942528848,0.0,485.6118060475751,-1.222799479612185,234.1748484444295,1.0,2.7627627627627627
0.9380963462588222,0.027829132941625107,-0.345254666120563,0.0,0.029683783185136824,-0.9995593357862148,8.509344944980511e-05,0.0,-0.34510015667067123,-0.010328290506889593,-0.9385090347266454,0.0,485.62253226620527,-1.2232236474717302,234.16778647289158,1.0,2.802802802802803
0.9380996459988021,0.027837134654324695,-0.34524505513053666,0.0,0.029689421761056756,-0.9995591689353961,7.754742012707412e-05,0.0,-0.34509070169064876,-0.010322873260157605,-0.9385125709734732,0.0,485.6335574944058,-1.223659639652019,234.16052763821403,1.0,2.8428428428428427
0.938103036208203,0.027845356049063442,-0.34523518010588566,0.0,0.029695215259968624,-0.9995589974077177,6.979422364357937e-05,0.0,-0.34508098705507745,-0.010317307161774971,-0.9385162041889923,0.0,485.6448854948961,-1.2241076049496282,234.1530694630824,1.0,2.882882882882883
0.9381065179967846,0.02785379984142451,-0.345225037770847,0.0,0.02970116560526969,-0.9995588211386657,6.183129942307878e-05,0.0,-0.3450710095490162,-0.010311590363038173,-0.9385199355637299,0.0,485.6565200160613,-1.2245676915942907,234.14540947961956,1.0,2.922922922922923
0.938110092469489,0.02786246873637561,-0.3452146248617958,0.0,0.02970727471330453,-0.9995586400636033,5.3656096915884324e-05,0.0,-0.3450607659697986,-0.01030572102198445,-0.9385237662831035,0.0,485.66846479195243,-1.2250400472488951,234.13754522938575,1.0,2.962962962962963
0.9381137607264276,0.027871365428263996,-0.34520393812723704,0.0,0.029713544493371612,-0.9995584541177633,4.526607560401742e-05,0.0,-0.34505025312703297,-0.01029969730338461,-0.9385276975274086,0.0,485.68072354228633,-1.225524819009486,234.12947426337868,1.0,3.0030030030030033
0.93811752386287,0.02788049260081148,-0.34519297432779733,0.0,0.02971997684772977,-0.9995582632362392,3.6658705006235364e-05,0.0,-0.34503946784260153,-0.010293517378736043,-0.9385317304718074,0.0,485.69329997244574,-1.2260221534052642,234.12119414203335,1.0,3.043043043043043
0.9381213829692298,0.027889852927109413,-0.3451817302362162,0.0,0.029726573671604743,-0.9995580673539783,2.7831464683155946e-05,0.0,-0.34502840695066017,-0.010287179426255559,-0.938535866286316,0.0,485.70619777347906,-1.226532196398586,234.11270243522222,1.0,3.0830830830830833
0.9381253391310537,0.0278994490696134,-0.3451702026373377,0.0,0.029733336853196065,-0.9995578664057722,1.8781844242617542e-05,0.0,-0.3450170672976383,-0.010280681630871945,-0.9385401061357924,0.0,485.71942062210076,-1.2270550933849638,234.10399672225512,1.0,3.1231231231231233
0.9381293934290063,0.02790928368013822,-0.3451583883281016,0.0,0.02974026827368363,-0.9995576603262495,9.50734334484028e-06,0.0,-0.34500544574223796,-0.010274022184218764,-0.9385444511799236,0.0,485.7329721806909,-1.2275909891930654,234.09507459187927,1.0,3.1631631631631634
0.9381335469388601,0.02791935939985271,-0.3451462841175349,0.0,0.02974736980723445,-0.9995574490498672,5.4717076565337834e-09,0.0,-0.34499353915543385,-0.010267199284627097,-0.9385489025732139,0.0,485.7468560972956,-1.2281400280847155,234.08593364227926,1.0,3.2032032032032034
0.9381378007314801,0.027929678859274484,-0.3451338868267431,0.0,0.029754643321009393,-0.9995572325109028,-9.726250888159062e-06,0.0,-0.34498134442047274,-0.010260211137118114,-0.9385534614649719,0.0,485.76107600562665,-1.2287023537548936,234.07657148107705,1.0,3.2432432432432434
0.9381421558728124,0.0279402446782646,-0.34512119328890156,0.0,0.029762090675170206,-0.999557010643445,-1.9690294593457873e-05,0.0,-0.344968858432873,-0.010253055953395526,-0.9385581289992974,0.0,485.77563552506166,-1.229278109331736,234.0669857253321,1.0,3.2832832832832834
0.9381466134238708,0.02795105946602253,-0.34510820034924644,0.0,0.02976971372288602,-0.9995567833813865,-2.9889119485581407e-05,0.0,-0.34495607810042445,-0.01024573195183846,-0.9385629063150702,0.0,485.79053826064415,-1.2298674373765341,234.0571740015411,1.0,3.3233233233233235
0.9381511744407232,0.027962125821080618,-0.345094904865066,0.0,0.029777514310340533,-0.9995565506584149,-4.032517556276147e-05,0.0,-0.34494300034318753,-0.010238237357493666,-0.9385677945459359,0.0,485.8057878030835,-1.2304704798837363,234.04713394563825,1.0,3.363363363363363
0.9381558399744784,0.027973446331298776,-0.3450813037056916,0.0,0.029785494276738895,-0.9995563124080039,-5.1000902738716156e-05,0.0,-0.3449296220934934,-0.010230570402068023,-0.9385727948202935,0.0,485.8213877287548,-1.2310873782809453,234.0368632029951,1.0,3.403403403403404
0.9381606110712741,0.027985023573859385,-0.3450673937524896,0.0,0.02979365545431436,-0.9995560685634057,-6.191873083744179e-05,0.0,-0.3449159402959433,-0.010222729323921313,-0.9385779082612836,0.0,485.83734159969913,-1.2317182734289214,234.02635942842056,1.0,3.4434434434434436
0.9381654887722619,0.02799686011526148,-0.3450531718988509,0.0,0.02980199966833578,-0.9995558190576417,-7.308107958734346e-05,0.0,-0.34490195190740797,-0.010214712368058071,-0.9385831359867736,0.0,485.85365296362323,-1.2323633056215795,234.01562028616098,1.0,3.4834834834834836
0.9381704741135952,0.028008958511315765,-0.3450386350501833,0.0,0.029810528737114067,-0.9995555638234941,-8.449035861615566e-05,0.0,-0.3448876538970275,-0.010206517786120556,-0.9385884791093463,0.0,485.87032535389983,-1.233022614585991,234.00464344990004,1.0,3.5235235235235236
0.9381755681264148,0.028021321307138844,-0.3450237801239018,0.0,0.02981924447200968,-0.9995553027934974,-9.614896744506726e-05,0.0,-0.344873043246211,-0.0101981438363806,-0.938593938736286,0.0,485.88736228956736,-1.2336963394823832,233.99342660275886,1.0,3.563563563563564
0.9381807718368362,0.02803395103714797,-0.3450086040494196,0.0,0.029828148677439444,-0.9995550358999296,-0.0001080592954833738,0.0,-0.3448581169486358,-0.010189588783732207,-0.9385995159695659,0.0,485.90476727533013,-1.234384618904139,233.98196743729594,1.0,3.603603603603604
0.9381860862659358,0.028046850225055497,-0.34499310376813935,0.0,0.029837243150883645,-0.9995547630748034,-0.00012022372202289653,0.0,-0.34484287201024744,-0.010180850899683831,-0.9386052119058349,0.0,485.9225438015583,-1.2350875908777976,233.97026365550713,1.0,3.6436436436436437
0.9381915124297373,0.02806002138386337,-0.34497727623344376,0.0,0.029846529682893263,-0.9995544842498583,-0.0001326446162322994,0.0,-0.34482730544925927,-0.010171928462350504,-0.938611027636404,0.0,485.9406953442878,-1.235805392863054,233.9583129688257,1.0,3.6836836836836837
0.9381970513391975,0.02807346701585754,-0.3449611184106861,0.0,0.029856010057097072,-0.9995541993565501,-0.00014532433715150323,0.0,-0.34481141429615164,-0.010162819756446121,-0.9386169642472334,0.0,485.95922536522056,-1.2365381617527584,233.94611309812234,1.0,3.7237237237237237
0.9382027040001938,0.028087189612602516,-0.34494462727718184,0.0,0.029865686050208784,-0.9995539083260438,-0.000158265233686064,0.0,-0.344795195593672,-0.010153523073275671,-0.9386230228189191,0.0,485.97813731172414,-1.2372860338729181,233.93366177370507,1.0,3.763763763763764
0.9382084714135096,0.028101191654935836,-0.34492779982219884,0.0,0.029875559432034095,-0.9995536110892042,-0.0001714696446016156,0.0,-0.3447786463968342,-0.010144036710727567,-0.9386292044266801,0.0,485.997434616832,-1.2380491449826954,233.9209567353193,1.0,3.8038038038038042
0.9382143545748205,0.028115475612962224,-0.344910633046948,0.0,0.02988563196547827,-0.9995533075765866,-0.00018493989851791284,0.0,-0.34476176377291823,-0.010134358973265407,-0.938635510140344,0.0,486.01712069924343,-1.2388276302744088,233.9079957321479,1.0,3.843843843843844
0.9382203544746812,0.02813004394604835,-0.3448931239645748,0.0,0.02989590540655286,-0.9995529977184284,-0.00019867831390350037,0.0,-0.34474454480146977,-0.010124488171920642,-0.9386419410243346,0.0,486.0371989633236,-1.2396216243735325,233.89477652281101,1.0,3.883883883883884
0.938226472098511,0.028144899102816864,-0.344875269600149,0.0,0.029906381504383427,-0.9995526814446404,-0.0002126871990696514,0.0,-0.3447269865742998,-0.010114422624284207,-0.9386484981376579,0.0,486.0576727991035,-1.2404312613386972,233.8812968753663,1.0,3.923923923923924
0.9382327084265799,0.028160043521141,-0.3448570669906561,0.0,0.02991706200121644,-0.9995523586847973,-0.00022696885216489922,0.0,-0.34470908619548424,-0.010104160654498994,-0.9386551825338889,0.0,486.07854558227984,-1.2412566746616887,233.8675545673087,1.0,3.9639639639639643
0.9382390644339952,0.028175479628138773,-0.34483851318498765,0.0,0.029927948632426767,-0.9995520293681289,-0.00024152556116913484,0.0,-0.3446908407813636,-0.010093700593251726,-0.9386619952611576,0.0,486.0998206742153,-1.242097997267449,233.85354738557064,1.0,4.004004004004004
0.9382455410906868,0.028191209840167375,-0.3448196052439319,0.0,0.029939043126524865,-0.999551693423512,-0.00025635960388790296,0.0,-0.3446722474605425,-0.010083040777765107,-0.9386689373621359,0.0,486.1215014219384,-1.2429553615140765,233.83927312652185,1.0,4.044044044044044
0.9382521393613942,0.02820723656281741,-0.3448003402401648,0.0,0.029950347205164176,-0.9995513507794597,-0.0002714732479465604,0.0,-0.3446533033738894,-0.010072179551789793,-0.9386760098740241,0.0,486.1435911581433,-1.2438288991928248,233.82472959596947,1.0,4.084084084084084
0.9382588602056511,0.028223562190907346,-0.34478071525824017,0.0,0.02996186258314825,-0.9995510013641141,-0.00028686875078463083,0.0,-0.3446340056745361,-0.010061115265596644,-0.938683213828537,0.0,486.16609320119017,-1.2447187415281034,233.80991460915806,1.0,4.124124124124124
0.938265704577773,0.028240189108477625,-0.3447607273945806,0.0,0.029973590968438296,-0.9995506451052364,-0.0003025483596498251,0.0,-0.34461435152787756,-0.010049846275968504,-0.9386905502518906,0.0,486.189010855105,-1.2456250191774783,233.79482599076954,1.0,4.1641641641641645
0.9382726734268418,0.028257119688784978,-0.34474037375746786,0.0,0.029985534062160462,-0.9995502819301978,-0.00031851431159225893,0.0,-0.34459433811157125,-0.010038370946192277,-0.9386980201647879,0.0,486.2123474095795,-1.246547862231671,233.77946157492323,1.0,4.2042042042042045
0.9382797676966923,0.028274356294296768,-0.34471965146703365,0.0,0.02999769355861305,-0.999549911765971,-0.00033476883345873187,0.0,-0.344573962615537,-0.010026687646051085,-0.9387056245824054,0.0,486.2361061399713,-1.2474874002145588,233.76381920517585,1.0,4.2442442442442445
0.9382869883258981,0.02829190127668514,-0.34469855765525026,0.0,0.030010071145274056,-0.9995495345391205,-0.0003513141418867385,0.0,-0.34455322224195667,-0.010014794751816061,-0.9387133645143799,0.0,486.26029030730393,-1.2484437620831752,233.74789673452148,1.0,4.2842842842842845
0.938294336247757,0.02830975697682133,-0.344677089465921,0.0,0.030022668502808356,-0.9995491501757945,-0.0003681524432987424,0.0,-0.34453211420527347,-0.010002690646238526,-0.9387212409647945,0.0,486.2849031582665,-1.2494170762277095,233.73169202539162,1.0,4.324324324324325
0.9383018123902775,0.028327925724769765,-0.34465524405467046,0.0,0.030035487305075294,-0.999548758601714,-0.00038528593389614647,0.0,-0.34451063573219204,-0.009990373718541728,-0.9387292549321644,0.0,486.30994792521426,-1.2504074704715065,233.71520294965512,1.0,4.364364364364365
0.9383094176761642,0.028346409839782403,-0.3446330185889357,0.0,0.030048529219135894,-0.999548359742166,-0.0004027167996535614,0.0,-0.3444887840616778,-0.009977842364413026,-0.9387374074094237,0.0,486.33542782616814,-1.2514150720710675,233.69842738861826,1.0,4.404404404404405
0.9383171530228036,0.028365211630292965,-0.34461041024795636,0.0,0.030061795905260175,-0.9995479535219929,-0.000420447216312935,0.0,-0.3444665564449566,-0.009965094985995869,-0.9387456993839113,0.0,486.36134606481477,-1.2524400077160494,233.68136323302468,1.0,4.444444444444445
0.9383250193422502,0.028384333393910943,-0.3445874162227653,0.0,0.030075289016934816,-0.9995475398655834,-0.0004384793493774812,0.0,-0.3444439501455146,-0.00995212999188152,-0.9387541318373577,0.0,486.3877058305069,-1.253482403529265,233.66400838305543,1.0,4.484484484484485
0.938333017541212,0.028403777417415985,-0.34456403371617933,0.0,0.030089010200870264,-0.9995471186968642,-0.0004568153541059683,0.0,-0.34442096243909764,-0.009938945797101272,-0.93876270574587,0.0,486.4145102982629,-1.2545423850666833,233.6463607483289,1.0,4.524524524524525
0.9383411485210364,0.028423545976751962,-0.3445402599427894,0.0,0.030102961097008274,-0.9995466899392901,-0.0004754573755067071,0.0,-0.34439759061371117,-0.009925540823118268,-0.9387714220799195,0.0,486.441762628767,-1.2556200773174284,233.62841824790095,1.0,4.564564564564565
0.9383494131776962,0.028443641337021264,-0.3445160921289517,0.0,0.030117143338529162,-0.9995462535158353,-0.0004944075483317329,0.0,-0.3443738319696197,-0.009911913497819587,-0.938780281804327,0.0,486.4694659683693,-1.256715604703781,233.61017881026478,1.0,4.604604604604605
0.9383578124017744,0.028464065752478795,-0.34449152751277745,0.0,0.030131558551859394,-0.9995458093489844,-0.0005136679970707526,0.0,-0.34434968381934655,-0.00989806225550802,-0.9387892858782495,0.0,486.4976234490858,-1.2578290910811778,233.59164037335094,1.0,4.644644644644645
0.9383663470784516,0.028484821466526315,-0.3444665633441241,0.0,0.030146208356678764,-0.9995453573607226,-0.0005332408359453528,0.0,-0.34432514348767357,-0.009883985536894206,-0.9387984352551657,0.0,486.5262381885981,-1.2589606597382108,233.57280088452745,1.0,4.684684684684685
0.9383750180874901,0.02850591071170647,-0.34444119688458574,0.0,0.030161094365927926,-0.9995448974725274,-0.0005531281689029694,0.0,-0.3443002083116408,-0.009869681789088466,-0.9388077308828627,0.0,486.55531329025393,-1.2601104333966286,233.55365830059966,1.0,4.724724724724725
0.938383826303221,0.02852733570969706,-0.3444154254074835,0.0,0.03017621818581566,-0.9995444296053588,-0.0005733320896110581,0.0,-0.3442748756405462,-0.009855149465592895,-0.9388171737034225,0.0,486.58485184306664,-1.2612785342113348,233.53421058781038,1.0,4.764764764764765
0.9383927725945291,0.02854909867130512,-0.34438924619785627,0.0,0.0301915814158263,-0.9995439536796508,-0.0005938546814510889,0.0,-0.34424914283594515,-0.009840387026293241,-0.9388267646532072,0.0,486.6148569217155,-1.26246508377039,233.51445572183968,1.0,4.804804804804805
0.9384018578248389,0.02857120179646107,-0.3443626565524511,0.0,0.030207185648727156,-0.9995434696153014,-0.0006146980175126061,0.0,-0.3442230072716504,-0.00982539293745088,-0.9388365046628461,0.0,486.6453315865455,-1.2636702030950095,233.49439168780512,1.0,4.844844844844846
0.9384110828521003,0.02859364727421293,-0.34433565377971403,0.0,0.030223032470575766,-0.9995429773316645,-0.0006358641605873481,0.0,-0.34419646633373163,-0.009810165671694876,-0.9388463946572213,0.0,486.6762788835677,-1.2648940126395654,233.47401648026164,1.0,4.884884884884885
0.9384204485287752,0.028616437282720425,-0.34430823519978077,0.0,0.030239123460727265,-0.9995424767475403,-0.0006573551631633001,0.0,-0.34416951742051505,-0.009794703708013962,-0.9388564355554543,0.0,486.70770184445877,-1.2661366322915855,233.45332810320156,1.0,4.924924924924925
0.9384299557018216,0.028639573989249142,-0.3442803981444668,0.0,0.03025546019184182,-0.9995419677811658,-0.0006791730674187057,0.0,-0.34414215794258346,-0.009779005531748463,-0.9388666282708917,0.0,486.73960348656124,-1.2673981813717532,233.43232457005456,1.0,4.964964964964965
0.9384396052126811,0.028663059550164672,-0.3442521399572587,0.0,0.030272044229891888,-0.9995414503502067,-0.0007013199052161757,0.0,-0.3441143853227756,-0.00976306963458239,-0.9388769737110925,0.0,486.77198681288354,-1.268678778633908,233.41100390368774,1.0,5.005005005005005
0.9384493978972638,0.028686896110926858,-0.34422345799330417,0.0,0.03028887713416943,-0.9995409243717472,-0.0007237976980968236,0.0,-0.34408619699618614,-0.009746894514535549,-0.9388874727778127,0.0,486.8048548120999,-1.2699785422650456,233.38936413640556,1.0,5.045045045045046
0.9384593345859341,0.028711085806083742,-0.3441943496194031,0.0,0.030305960457293526,-0.999540389762282,-0.0007466084572741332,0.0,-0.34405759041016526,-0.009730478675955301,-0.938898126366993,0.0,486.8382104585504,-1.271297589885317,233.3674033099499,1.0,5.085085085085085
0.9384694161034973,0.028735630759265923,-0.34416481221399814,0.0,0.03032329574521738,-0.999539846437706,-0.0007697541836282188,0.0,-0.3440285630243184,-0.009713820629508891,-0.9389089353687441,0.0,486.87205671224086,-1.2726360385480293,233.34511947550004,1.0,5.125125125125125
0.9384796432691844,0.028760533083180665,-0.3441348431671653,0.0,0.03034088453723566,-0.9995392943133068,-0.0007932368676998808,0.0,-0.3439991123105061,-0.009696918892175478,-0.9389199006673338,0.0,486.9063965188431,-1.2739940047396459,233.3225106936726,1.0,5.165165165165165
0.9384900168966389,0.02878579487960595,-0.3441044398806049,0.0,0.03035872836599195,-0.9995387333037539,-0.0008170584896845251,0.0,-0.34396923575284366,-0.009679771987237996,-0.9389310231411722,0.0,486.94123280969467,-1.2753716043797856,233.2995750345216,1.0,5.205205205205205
0.9385005377939017,0.02881141823938479,-0.3440735997676321,0.0,0.030376828757485763,-0.9995381633230913,-0.0008412210194264414,0.0,-0.343938930847701,-0.009662378444275541,-0.9389423036627991,0.0,486.9765685017989,-1.2767689528212234,233.2763105775385,1.0,5.245245245245246
0.9385112067633987,0.028837405242419317,-0.3440423202531676,0.0,0.030395187231079906,-0.9995375842847274,-0.0008657264164127772,0.0,-0.3439081951037022,-0.009644736799155314,-0.9389537430988697,0.0,487.01240649782505,-1.27818616484989,233.25271541165208,1.0,5.285285285285285
0.9385220246019247,0.028863757957665034,-0.3440105987737289,0.0,0.030413805299507612,-0.9995369961014268,-0.000890576629767709,0.0,-0.3438770260417256,-0.00962684559402488,-0.9389653423101414,0.0,487.0487496861082,-1.2796233546848719,233.22878763522854,1.0,5.325325325325325
0.9385329921006309,0.02889047844312481,-0.3439784327774205,0.0,0.03043268446887996,-0.9995363986853004,-0.0009157735982463734,0.0,-0.34384542119490336,-0.009608703377304075,-0.9389771021514594,0.0,487.0856009406491,-1.281080635978412,233.20452535607146,1.0,5.365365365365365
0.93854411004501,0.02891756874584334,-0.34394581972392524,0.0,0.030451826238692713,-0.9995357919477973,-0.0009413192502292243,0.0,-0.3438133781086212,-0.009590308703677547,-0.938989023471744,0.0,487.1229631211146,-1.2825581218159086,233.17992669142185,1.0,5.405405405405406
0.9385553792148829,0.028945030901901137,-0.3439127570844949,0.0,0.03047123210183374,-0.9995351757996955,-0.0009672155037159531,0.0,-0.34378089434051856,-0.009571660134086677,-0.9390011071139766,0.0,487.1608390728371,-1.284055924715916,233.15498976795803,1.0,5.445445445445446
0.938566800384384,0.02897286693640884,-0.34387924234194117,0.0,0.030490903544590033,-0.9995345501510932,-0.0009934642663197058,0.0,-0.34374796746048786,-0.009552756235721927,-0.939013353915186,0.0,487.19923162681516,-1.2855741566301446,233.12971272179578,1.0,5.485485485485485
0.9385783743219486,0.029001078863501315,-0.34384527299062656,0.0,0.03051084204665492,-0.9995339149113992,-0.001020067435261124,0.0,-0.3437145950506747,-0.009533595582014975,-0.9390257647064355,0.0,487.2381435997128,-1.2871129289434606,233.10409369848827,1.0,5.525525525525525
0.938590101790297,0.029029668686331996,-0.3438108465364553,0.0,0.030531049081135058,-0.9995332699893251,-0.001047026897362582,0.0,-0.34368077470547764,-0.009514176752631111,-0.9390383403128088,0.0,487.27757779386025,-1.288672352473886,233.07813085302595,1.0,5.565565565565565
0.9386019835464229,0.029058638397067113,-0.3437759604968648,0.0,0.03055152611455746,-0.9995326152928762,-0.0010743445290423523,0.0,-0.3436465040315479,-0.009494498333461544,-0.9390510815533964,0.0,487.31753699725317,-1.2902525374725986,233.0518223498368,1.0,5.605605605605606
0.9386140203415778,0.029087989976879766,-0.343740612400816,0.0,0.030572274606876768,-0.9995319507293414,-0.0011020221963085964,0.0,-0.3436117806477893,-0.009474558916615512,-0.9390639892412835,0.0,487.35802398355344,-1.2918535936239324,233.02516636278614,1.0,5.645645645645646
0.9386262129212584,0.029117725395944434,-0.34370479978878477,0.0,0.030593296011481953,-0.9995312762052868,-0.001130061754753786,0.0,-0.34357660218535796,-0.00945435710041296,-0.9390770641835351,0.0,487.39904151208844,-1.2934756300453771,232.99816107517663,1.0,5.685685685685685
0.9386385620251922,0.02914784661343101,-0.34366852021275307,0.0,0.030614591775203544,-0.9995305916265445,-0.001158465049548683,0.0,-0.34354096628766245,-0.009433891489376638,-0.9390903071811834,0.0,487.4405923278516,-1.2951187552875785,232.97080467974834,1.0,5.7257257257257255
