Xx,Xy,Xz,0,Yx,Yy,Yz,0,Zx,Zy,Zz,0,Px,Py,Pz,1,time
0.9380189296175131,0.027641483275696058,-0.3454800082226675,0.0,0.02955158474431612,-0.9995632221949257,0.0002620580030911215,0.0,-0.3453218665510692,-0.010455297108016426,-0.9384260734037969,0.0,485.364,-1.213,234.338,1.0,0.0
0.9384868924732944,0.028778186000177487,-0.34411359755474086,0.0,0.03035335366561536,-0.9995389023774117,-0.0008098833967165309,0.0,-0.34397823467884836,-0.00968493677859631,-0.9389276731583349,0.0,486.93073999999996,-1.2749566666666667,233.30648333333332,1.0,0.04
0.9389519983315474,0.029913738041166437,-0.34274525602616085,0.0,0.031156626668483962,-0.9995127438781995,-0.0018806548192894625,0.0,-0.3426345091590643,-0.008912941395146555,-0.9394265006012189,0.0,488.49748,-1.3369133333333334,232.27496666666667,1.0,0.08
0.9394142453731648,0.031048134957328007,-0.3413749889887412,0.0,0.031961400611186165,-0.9994847467995992,-0.0029502520766606596,0.0,-0.3412906952472534,-0.008139313977070888,-0.9399225537814505,0.0,490.06422,-1.39887,231.24345,1.0,0.12
0.9398736317902208,0.03218137231184515,-0.3400028018018266,0.0,0.03276767234611583,-0.9994549112511119,-0.004018670985455424,0.0,-0.33994679819929774,-0.007364057550156152,-0.9404158307588825,0.0,491.63095999999996,-1.4608266666666667,230.21193333333332,1.0,0.16
0.9403301557859779,0.033313445672436104,-0.3386286998322719,0.0,0.0335754387198086,-0.9994232373494296,-0.005085907366907849,0.0,-0.3386028232714046,-0.006587175146560617,-0.9409063296042257,0.0,493.1977,-1.5227833333333334,229.18041666666667,1.0,0.2
0.9407838155748941,0.03444435061137165,-0.33725268845442086,0.0,0.03438469657295445,-0.9993897252184346,-0.006151957046877031,0.0,-0.33725877572008583,-0.00580866980480193,-0.9413940483990567,0.0,494.76444,-1.58474,228.1489,1.0,0.24
0.9412346093826295,0.03557408270549245,-0.3358747730500852,0.0,0.0351954427404099,-0.9993543749891979,-0.007216815855863436,0.0,-0.3359146608021374,-0.0050285445697453,-0.9418789852358253,0.0,496.33117999999996,-1.6466966666666667,227.11738333333332,1.0,0.28
0.941682535446054,0.03670263753622639,-0.33449495900852383,0.0,0.036007674051210366,-0.9993171867999804,-0.008280479629025303,0.0,-0.3345704837746186,-0.004246802492591722,-0.942361138217862,0.0,497.89792,-1.7086533333333334,226.08586666666665,1.0,0.32
0.9421275920132531,0.03783001068960582,-0.3331132517264212,0.0,0.03682138732858267,-0.9992781607962314,-0.009342944206194796,0.0,-0.3332262498948318,-0.0034634466308658364,-0.9428405054593855,0.0,499.46466,-1.77061,225.05435,1.0,0.36
0.9425697773435361,0.03895619775628483,-0.331729656607867,0.0,0.03763657938995741,-0.9992372971305883,-0.010404205431894365,0.0,-0.3318819644203017,-0.0026784800484041193,-0.9433170850855098,0.0,501.03139999999996,-1.8325666666666667,224.02283333333332,1.0,0.4
0.9430090897074417,0.040081194331556505,-0.33034417906433416,0.0,0.03845324704698137,-0.9991945959628755,-0.011464259155352959,0.0,-0.33053763260875463,-0.001891905815342814,-0.943790875232252,0.0,502.59813999999994,-1.8945233333333333,222.99131666666665,1.0,0.44
0.9434455273867455,0.041204996015370095,-0.3289568245146582,0.0,0.039271387105530124,-0.9991500574601047,-0.01252310123052226,0.0,-0.32919325971809843,-0.0011037270081059544,-0.9442618740465392,0.0,504.16488,-1.95648,221.9598,1.0,0.48
0.9438790886744662,0.042327598412348344,-0.3275675983850162,0.0,0.0400909963657203,-0.9991036817964734,-0.013580727516092949,0.0,-0.3278488510064014,-0.00031394670939338876,-0.9447300796862157,0.0,505.73161999999996,-2.0184366666666667,220.92828333333333,1.0,0.52
0.9443097718748727,0.04344899713180452,-0.3261765061089048,0.0,0.04091207162192238,-0.9990554691533642,-0.014637133875510794,0.0,-0.32650441173187195,0.00047743199183144196,-0.9451954903200507,0.0,507.29835999999995,-2.0803933333333333,219.89676666666665,1.0,0.56
0.9447375753034911,0.04456918778775979,-0.32478355312712004,0.0,0.04173460966277295,-0.9990054197193454,-0.015692316176992998,0.0,-0.32515994715283825,0.0012704060003533256,-0.945658104127745,0.0,508.8651,-2.14235,218.86525,1.0,0.6
0.9451624972871097,0.04568816599896014,-0.3233887448877349,0.0,0.04255860727118752,-0.9989535336901688,-0.016746270293544148,0.0,-0.323815462527727,0.0020649722147176998,-0.946117919299938,0.0,510.43183999999997,-2.2043066666666666,217.83373333333333,1.0,0.64
0.9455845361637872,0.04680592738889373,-0.3219920868460791,0.0,0.04338406122437287,-0.9988998112687688,-0.01779899210297259,0.0,-0.32247096311504386,0.002861127527242449,-0.9465749340382156,0.0,511.99857999999995,-2.266263333333333,216.80221666666665,1.0,0.68
0.9460036902828591,0.047922467585807836,-0.3205935844647168,0.0,0.0442109682938399,-0.9988442526652633,-0.018850477487906307,0.0,-0.3211264541733519,0.003658868824030394,-0.947029146555116,0.0,513.5653199999999,-2.32822,215.7707,1.0,0.72
0.9464199580049427,0.049037782222726096,-0.319193243213426,0.0,0.04503932524541602,-0.9987868580969513,-0.01990072233580925,0.0,-0.31978194096125157,0.004458192984981175,-0.947480555074138,0.0,515.1320599999999,-2.390176666666667,214.73918333333333,1.0,0.76
0.9468333377019451,0.050151866937465435,-0.31779106856917677,0.0,0.04586912883925796,-0.9987276277883123,-0.020949722538997233,0.0,-0.3184374287373601,0.0052590968838036704,-0.9479291578297467,0.0,516.6988,-2.4521333333333333,213.70766666666665,1.0,0.8
0.9472438277570691,0.051264717372653305,-0.3163870660161098,0.0,0.04670037582986437,-0.9986665619710063,-0.021997473994654175,0.0,-0.3170929227602908,0.006061577388028056,-0.9483749530673816,0.0,518.26554,-2.5140900000000004,212.67614999999998,1.0,0.84
0.9476514265648186,0.05237632917574454,-0.31498124104551506,0.0,0.047533062966088564,-0.9986036608838719,-0.023043972604847952,0.0,-0.31574842828863253,0.006865631359018252,-0.9488179390434623,0.0,519.83228,-2.5760466666666666,211.64463333333333,1.0,0.88
0.9480561325310067,0.05348669799903858,-0.31357359915581046,0.0,0.04836718699115109,-0.9985389247729258,-0.024089214276546648,0.0,-0.3144039505809293,0.007671255651983908,-0.9492581140253966,0.0,521.39902,-2.6380033333333333,210.61311666666666,1.0,0.92
0.9484579440727597,0.05459581949969623,-0.31216414585251984,0.0,0.04920274464265281,-0.9984723538913617,-0.02513319492163432,0.0,-0.31305949489565926,0.00847844711599313,-0.9496954762915857,0.0,522.9657599999999,-2.69996,209.58159999999998,1.0,0.96
0.9488568596185257,0.05570368933975694,-0.3107528866482522,0.0,0.050039732652587175,-0.9984039484995498,-0.026175910456927236,0.0,-0.31171506649121467,0.009287202593984278,-0.9501300241314327,0.0,524.5324999999999,-2.761916666666667,208.55008333333333,1.0,1.0
0.9492528776080786,0.056810303186155486,-0.3093398270626794,0.0,0.050878147747353435,-0.9983337088650347,-0.027217356804189612,0.0,-0.31037067062588103,0.010097518922778813,-0.9505617558453474,0.0,526.09924,-2.8238733333333332,207.51856666666666,1.0,1.04
0.9496459964925256,0.057915656710739075,-0.30792497262251495,0.0,0.05171798664776925,-0.9982616352625358,-0.028257529890149704,0.0,-0.30902631255781654,0.010909392933093374,-0.9509906697447549,0.0,527.66598,-2.8858299999999995,206.48705,1.0,1.08
0.9500362147343124,0.05901974559028432,-0.3065083288614926,0.0,0.05255924606908343,-0.9981877279739447,-0.029296425646515786,0.0,-0.30768199754503156,0.011722821449552164,-0.9514167641521007,0.0,529.23272,-2.9477866666666666,205.45553333333334,1.0,1.12
0.9504235308072305,0.06012256550651399,-0.3050899013203441,0.0,0.05340192272098898,-0.9981119872883256,-0.030334040009991885,0.0,-0.30633773084536814,0.01253780129069953,-0.9518400374008581,0.0,530.79946,-3.009743333333333,204.42401666666666,1.0,1.16
0.9508079431964211,0.06122411214611403,-0.30366969554677803,0.0,0.054246013307635906,-0.9980344135019128,-0.031370368922293806,0.0,-0.30499351771647926,0.013354329269012357,-0.952260487835534,0.0,532.3661999999999,-3.0717,203.39249999999998,1.0,1.2
0.9511894503983827,0.06232438120075032,-0.30224771709545784,0.0,0.055091514527644,-0.9979550069181107,-0.03240540833016495,0.0,-0.3036493634158085,0.01417240219091245,-0.9526781138116763,0.0,533.9329399999999,-3.1336566666666665,202.36098333333334,1.0,1.24
0.9515680509209767,0.06342336836708566,-0.30082397152798035,0.0,0.05593842307411589,-0.9978737678474913,-0.03343915418539221,0.0,-0.3023052732005692,0.01499201685677911,-0.9530929136958796,0.0,535.4996799999999,-3.195613333333333,201.32946666666666,1.0,1.28
0.9519437432834328,0.06452106934679651,-0.2993984644128538,0.0,0.056786735634649886,-0.9977906966077947,-0.0344716024448218,0.0,-0.3009612523277242,0.015813170060961574,-0.9535048858657916,0.0,537.06642,-3.25757,200.29795,1.0,1.32
0.9523165260163549,0.06561747984658982,-0.29797120132547616,0.0,0.05763644889135289,-0.9977057935239262,-0.03550274907037502,0.0,-0.29961730605396497,0.0166358585917916,-0.9539140287101203,0.0,538.63316,-3.319526666666666,199.26643333333334,1.0,1.36
0.9526863976617274,0.06671259557821983,-0.29654218784811326,0.0,0.0584875595208536,-0.9976190589279563,-0.036532590029064074,0.0,-0.29827343963569136,0.017460079231596114,-0.9543203406286389,0.0,540.1999,-3.381483333333333,198.23491666666666,1.0,1.4000000000000001
0.9530533567729196,0.06780641225850477,-0.29511142956987696,0.0,0.05934006419431527,-0.9975304931591186,-0.03756112129300782,0.0,-0.2969296583289909,0.01828582875670964,-0.9547238200321932,0.0,541.7666399999999,-3.44344,197.2034,1.0,1.44
0.953417401914693,0.06889892560934381,-0.2936789320867036,0.0,0.06019395957744876,-0.9974400965638083,-0.038588338839447685,0.0,-0.295585967389618,0.019113103937486907,-0.9551244653427077,0.0,543.3333799999999,-3.505396666666667,196.1718833333333,1.0,1.48
0.9537785316632061,0.06999013135773355,-0.2922447010013314,0.0,0.06104924233052577,-0.9973478694955821,-0.03961423865076308,0.0,-0.29424237207297393,0.019941901538315706,-0.9555222749931909,0.0,544.90012,-3.5673533333333336,195.14036666666667,1.0,1.52
0.9541367446060192,0.07108002523578484,-0.29080874192327927,0.0,0.06190590910839165,-0.9972538123151554,-0.04063881671448741,0.0,-0.2928988776340858,0.020772218317629283,-0.9559172474277426,0.0,546.46686,-3.62931,194.10885,1.0,1.56
0.9544920393421019,0.07216860298073956,-0.28937106046882466,0.0,0.06276395656047859,-0.9971579253904016,-0.041662069023323665,0.0,-0.2915554893275862,0.021604051027919093,-0.9563093811015593,0.0,548.0336,-3.691266666666666,193.07733333333334,1.0,1.6
0.9548444144818362,0.07325586033498718,-0.2879316622609813,0.0,0.0636233813308188,-0.9970602090963506,-0.04268399157516006,0.0,-0.29021221240769257,0.022437396415747622,-0.9566986744809399,0.0,549.60034,-3.7532233333333327,192.04581666666667,1.0,1.6400000000000001
0.9551938686470242,0.07434179304608142,-0.28649055292947767,0.0,0.0644841800580575,-0.9969606638151874,-0.04370458037308573,0.0,-0.28886905212818675,0.0232722512217609,-0.957085126043293,0.0,551.1670799999999,-3.8151800000000002,191.0143,1.0,1.68
0.9555404004708914,0.07542639686675681,-0.2850477381107345,0.0,0.06534634937546627,-0.9968592899362503,-0.04472383142540623,0.0,-0.28752601374239445,0.024108612180701573,-0.9574687342771413,0.0,552.7338199999999,-3.8771366666666665,189.98278333333332,1.0,1.72
0.9558840085980939,0.0765096675549456,-0.28360322344784306,0.0,0.06620988591095588,-0.9967560878560292,-0.04574174074565946,0.0,-0.28618310250316453,0.02494647602142123,-0.9578494976821287,0.0,554.3005599999999,-3.9390933333333327,188.95126666666667,1.0,1.76
0.9562246916847225,0.07759160087379402,-0.2821570145905432,0.0,0.06707478628708977,-0.9966510579781653,-0.046758304352630946,0.0,-0.28484032366284856,0.025785839466893567,-0.9582274147690254,0.0,555.8672999999999,-4.001049999999999,187.91975,1.0,1.8
0.9565624483983082,0.07867219259167892,-0.2807091171952007,0.0,0.06794104712109723,-0.996544200713448,-0.0477735182703695,0.0,-0.2834976824732804,0.026626699234227072,-0.9586024840597341,0.0,557.43404,-4.063006666666666,186.88823333333335,1.0,1.84
0.9568972774178282,0.0797514384822245,-0.2792595369247856,0.0,0.06880866502488657,-0.9964355164798138,-0.048787378528202856,0.0,-0.28215518418575525,0.027469052034677876,-0.9589747040872959,0.0,559.00078,-4.1249633333333335,185.85671666666667,1.0,1.8800000000000001
0.9572291774337094,0.08082933432431863,-0.27780827944885017,0.0,0.06967763660505823,-0.9963250057023451,-0.04979988116075311,0.0,-0.28081283405100976,0.028312894573662525,-0.9593440733958956,0.0,560.56752,-4.186919999999999,184.8252,1.0,1.92
0.9575581471478352,0.08190587590212947,-0.27635535044350623,0.0,0.07054795846291835,-0.9962126688132681,-0.05081102220795224,0.0,-0.27947063731920085,0.029158223550771068,-0.9597105905408676,0.0,562.1342599999999,-4.248876666666666,183.79368333333332,1.0,1.96
0.95788418527355,0.08298105900512205,-0.27490075559140353,0.0,0.07141962719449178,-0.9960985062519515,-0.05182079771505774,0.0,-0.27812859923988553,0.030005035659779668,-0.9600742540887022,0.0,563.7009999999999,-4.310833333333333,182.76216666666667,1.0,2.0
0.9582072905356636,0.0840548794280744,-0.27344450058170683,0.0,0.07229263939053567,-0.9959825184649038,-0.052829203732667744,0.0,-0.27678672506200047,0.030853327588663933,-0.9604350626170496,0.0,565.26774,-4.37279,181.73065,1.0,2.04
0.958527461670457,0.08512733297109436,-0.27198659111007434,0.0,0.07316699163655249,-0.9958647059057731,-0.053836236316736855,0.0,-0.275445020033841,0.03170309601961148,-0.9607930147147272,0.0,566.83448,-4.434746666666666,180.69913333333332,1.0,2.08
0.9588446974256872,0.0861984154396359,-0.2705270328786353,0.0,0.07404268051280365,-0.9957450690353442,-0.0548418915285914,0.0,-0.27410348940304113,0.032554337629035084,-0.9611481089817244,0.0,568.40122,-4.496703333333333,179.66761666666667,1.0,2.12
0.9591589965605919,0.08726812264451536,-0.2690658315959669,0.0,0.07491970259432278,-0.9956236083215366,-0.0558461654349447,0.0,-0.2727621384165526,0.03340704908758581,-0.9615003440292075,0.0,569.96796,-4.55866,178.6361,1.0,2.16
0.9594703578458942,0.08833645040192813,-0.26760299297707335,0.0,0.07579805445092909,-0.995500324239404,-0.056849054107912744,0.0,-0.2714209723206247,0.034261227060165766,-0.9618497184795263,0.0,571.5346999999999,-4.620616666666666,177.60458333333332,1.0,2.2
0.9597787800638078,0.08940339453346471,-0.26613852274336214,0.0,0.0766777326472408,-0.995375217271131,-0.05785055362502938,0.0,-0.2700799963607833,0.035116868205941294,-0.9621962309662183,0.0,573.1014399999999,-4.682573333333333,176.57306666666665,1.0,2.24
0.9600842620080415,0.09046895086612726,-0.2646724266226225,0.0,0.07755873374268865,-0.9952482879060317,-0.05885066006926157,0.0,-0.2687392157818109,0.0359739691783561,-0.962539880134015,0.0,574.6681799999999,-4.744529999999999,175.54155,1.0,2.2800000000000002
0.9603868024838043,0.09153311523234582,-0.26320471034900317,0.0,0.0784410542915292,-0.9951195366405488,-0.05984936952902496,0.0,-0.2673986358277257,0.03683252662514415,-0.9628806646388469,0.0,576.23492,-4.806486666666666,174.51003333333333,1.0,2.32
0.9606864003078093,0.09259588346999476,-0.2617353796629889,0.0,0.07932469084285851,-0.9949889639782495,-0.06084667809819896,0.0,-0.26605826174176134,0.037692537188342944,-0.9632185831478485,0.0,577.80166,-4.8684433333333335,173.47851666666668,1.0,2.36
0.9609830543082791,0.09365725142240877,-0.2602644403113789,0.0,0.08020963994062545,-0.9948565704298259,-0.061842581876142104,0.0,-0.26471809876634605,0.0385539975043066,-0.9635536343393636,0.0,579.3684,-4.930400000000001,172.447,1.0,2.4
0.9612767633249502,0.09471721493839938,-0.25879189804726455,0.0,0.08109589812364543,-0.9947223565130912,-0.06283707696770725,0.0,-0.2633781521430826,0.0394169042037191,-0.9638858169029506,0.0,580.9351399999999,-4.992356666666666,171.41548333333333,1.0,2.44
0.961567526209077,0.09577576987227115,-0.25731775863000605,0.0,0.08198346192561362,-0.9945863227529785,-0.06383015948325703,0.0,-0.2620384271127274,0.04028125391160718,-0.9642151295393877,0.0,582.5018799999999,-5.054313333333333,170.38396666666665,1.0,2.48
0.9618553418234372,0.09683291208383776,-0.25584202782521037,0.0,0.0828723278751188,-0.994448469681539,-0.06482182553867873,0.0,-0.2606989289151703,0.04114704324735387,-0.9645415709606782,0.0,584.06862,-5.116269999999999,169.35244999999998,1.0,2.52
0.9621402090423355,0.0978886374384383,-0.2543647114047088,0.0,0.08376249249565693,-0.994308797837939,-0.06581207125539969,0.0,-0.2593596627894139,0.0420142688247116,-0.9648651398900542,0.0,585.63536,-5.178226666666666,168.3209333333333,1.0,2.56
0.9624221267516082,0.09894294180695347,-0.2528858151465343,0.0,0.08465395230564439,-0.9941673077684586,-0.0668008927604025,0.0,-0.25802063397355324,0.04288292725181523,-0.9651858350619836,0.0,587.2021,-5.2401833333333325,167.28941666666665,1.0,2.6
0.9627010938486279,0.09999582106582164,-0.25140534483489857,0.0,0.08554670381843216,-0.9940240000264893,-0.06778828618623998,0.0,-0.25668184770475494,0.0437530151311958,-0.9655036552221735,0.0,588.76884,-5.30214,166.2579,1.0,2.64
0.9629771092423075,0.10104727109705508,-0.24992330626017004,0.0,0.08644074354231888,-0.9938788751725318,-0.06877424767105053,0.0,-0.25534330921923726,0.044624529059793215,-0.9658185991275762,0.0,590.3355799999999,-5.364096666666667,165.22638333333333,1.0,2.68
0.9632501718531041,0.10209728778825591,-0.2484397052188506,0.0,0.087336067980565,-0.9937319337741938,-0.06975877335857301,0.0,-0.2540050237522492,0.045497465628970044,-0.9661306655463926,0.0,591.9023199999999,-5.426053333333332,164.19486666666666,1.0,2.72
0.963520280613024,0.10314586703263241,-0.24695454751355325,0.0,0.08823267363140608,-0.9935831764061875,-0.07074185939816197,0.0,-0.25266699653805014,0.046371821424524666,-0.9664398532580789,0.0,593.4690599999999,-5.488009999999999,163.16334999999998,1.0,2.7600000000000002
0.9637874344656265,0.10419300472901484,-0.24546783895297952,0.0,0.0891305569880667,-0.9934326036503285,-0.07172350194480259,0.0,-0.25132923280988945,0.04724759302670453,-0.9667461610533498,0.0,595.0357999999999,-5.549966666666666,162.1318333333333,1.0,2.8000000000000003
0.964051632366028,0.10523869678187166,-0.2439795853518965,0.0,0.09002971453877413,-0.9932802160955317,-0.07270369715912596,0.0,-0.24999173779998604,0.04812477701021969,-0.967049587734184,0.0,596.60254,-5.611923333333333,161.10031666666666,1.0,2.84
0.964312873280906,0.10628293910132551,-0.24248979253111425,0.0,0.09093014276677205,-0.9931260143378108,-0.07368244120742379,0.0,-0.24865451673950761,0.04900336994425614,-0.967350132113829,0.0,598.16928,-5.67388,160.0688,1.0,2.88
0.9645711561885035,0.1073257276031691,-0.24099846631746272,0.0,0.09183183815033431,-0.9929699989802745,-0.07465973026166356,0.0,-0.24731757485855055,0.04988336839248926,-0.9676477930168049,0.0,599.7360199999999,-5.735836666666666,159.03728333333333,1.0,2.92
0.9648264800786326,0.10836705820888128,-0.23950561254376967,0.0,0.09273479716277873,-0.9928121706331253,-0.07563556049950347,0.0,-0.24598091738611927,0.05076476891309719,-0.9679425692789099,0.0,601.3027599999999,-5.797793333333334,158.00576666666666,1.0,2.96
0.9650788439526787,0.10940692684564304,-0.238011237048837,0.0,0.09363901627248074,-0.9926525299136562,-0.07660992810430749,0.0,-0.24464454955010587,0.051647568058774296,-0.9682344597472246,0.0,602.8694999999999,-5.859749999999999,156.97424999999998,1.0,3.0
0.9653282468236041,0.11044532944635341,-0.23651534567741847,0.0,0.09454449194288747,-0.9924910774462491,-0.07758282926516012,0.0,-0.24330847657726956,0.05253176237674477,-0.9685234632801163,0.0,604.43624,-5.921706666666667,155.9427333333333,1.0,3.04
0.9655746877159522,0.11148226194964515,-0.2350179442801968,0.0,0.09545122063253124,-0.9923278138623715,-0.07855426017688134,0.0,-0.24197270369321647,0.05341734840877589,-0.9688095787472437,0.0,606.00298,-5.983663333333332,154.91121666666666,1.0,3.08
0.9658181656658515,0.11251772029990102,-0.23351903871376042,0.0,0.0963591987950439,-0.9921627398005749,-0.07952421704004159,0.0,-0.24063723612237864,0.054304322691191946,-0.969092805029561,0.0,607.56972,-6.0456199999999995,153.8797,1.0,3.12
0.9660586797210187,0.11355170044726928,-0.23201863484058108,0.0,0.09726842287917016,-0.9919958559064916,-0.0804926960609765,0.0,-0.23930207908799445,0.05519268175488739,-0.9693731410193225,0.0,609.1364599999999,-6.107576666666667,152.84818333333334,1.0,3.16
0.9662962289407628,0.11458419834767983,-0.23051673852899054,0.0,0.09817888932878177,-0.9918271628328328,-0.08145969345180185,0.0,-0.2379672378120874,0.05608242212534056,-0.9696505856200871,0.0,610.7031999999999,-6.169533333333332,151.81666666666666,1.0,3.2
0.966530812395989,0.11561520996285983,-0.22901335565315772,0.0,0.09909059458289139,-0.9916566612393852,-0.08242520543042832,0.0,-0.23663271751544607,0.05697354032262732,-0.9699251377467224,0.0,612.2699399999999,-6.23149,150.78515,1.0,3.24
0.9667624291692021,0.11664473126034947,-0.22750849209306573,0.0,0.10000353507566653,-0.9914843517930094,-0.08338922822057618,0.0,-0.23529852341760377,0.05786603286143459,-0.9701967963254089,0.0,613.8366799999999,-6.293446666666665,149.75363333333334,1.0,3.2800000000000002
0.9669910783545096,0.11767275821351791,-0.22600215373448893,0.0,0.10091770723644344,-0.9913102351676363,-0.08435175805179031,0.0,-0.23396466073681782,0.05875989625107404,-0.9704655602936441,0.0,615.4034199999999,-6.355403333333333,148.72211666666666,1.0,3.3200000000000003
0.9672167590576262,0.118699286801579,-0.22449434646896982,0.0,0.10183310748974118,-0.9911343120442656,-0.08531279115945473,0.0,-0.2326311346900494,0.059655126995495716,-0.9707314286002471,0.0,616.97016,-6.41736,147.69059999999996,1.0,3.36
0.967439470395877,0.11972431300960677,-0.22298507619379615,0.0,0.10274973225527545,-0.9909565831109621,-0.08627232378480738,0.0,-0.23129795049294302,0.060551721593301654,-0.970994400205362,0.0,618.5369,-6.479316666666665,146.65908333333334,1.0,3.4
0.9676592114982003,0.1207478328285515,-0.2214743488119776,0.0,0.10366757794797272,-0.9907770490628534,-0.0872303521749549,0.0,-0.22996511335980624,0.06144967653775969,-0.971254474080463,0.0,620.1036399999999,-6.541273333333333,145.62756666666667,1.0,3.44
0.9678759815051519,0.12176984225525506,-0.21996217023222298,0.0,0.10458664097798416,-0.9905957106021276,-0.08818687258288715,0.0,-0.22863262850358915,0.062348988316817094,-0.9715116492083571,0.0,621.6703799999999,-6.603229999999999,144.59605,1.0,3.48
0.9680897795689074,0.12279033729246686,-0.2184485463689168,0.0,0.10550691775069983,-0.9904125684380297,-0.08914188126749213,0.0,-0.2273005011358639,0.06324965341311434,-0.9717659245831893,0.0,623.23712,-6.665186666666665,143.56453333333332,1.0,3.52
0.968300604853267,0.12380931394885918,-0.2169334831420966,0.0,0.10642840466676252,-0.9902276232868598,-0.09009537449357027,0.0,-0.2259687364668046,0.06415166830399877,-0.972017299210446,0.0,624.80386,-6.727143333333333,142.53301666666664,1.0,3.56
0.9685084565336577,0.1248267682390431,-0.2154169864774292,0.0,0.107351098122082,-0.9900408758719689,-0.09104734853184929,0.0,-0.2246373397051668,0.06505502946153856,-0.9722657721069587,0.0,626.3706,-6.789099999999999,141.5015,1.0,3.6
0.9687133337971364,0.12584269618358382,-0.213899062306188,0.0,0.10827499450784914,-0.989852326923758,-0.09199779965899871,0.0,-0.22330631605826695,0.06595973335253641,-0.972511342300908,0.0,627.93734,-6.851056666666667,140.46998333333335,1.0,3.64
0.9689152358423938,0.12685709380901636,-0.21237971656522975,0.0,0.10920009021054977,-0.9896619771796735,-0.09294672415764438,0.0,-0.22197567073196237,0.06686577643854323,-0.9727540088318276,0.0,629.5040799999999,-6.913013333333333,139.43846666666667,1.0,3.68
0.969114161879757,0.12786995714786117,-0.2108589551969707,0.0,0.11012638161197913,-0.9894698273842056,-0.09389411831638315,0.0,-0.22064540893063056,0.06777315517587226,-0.9729937707506082,0.0,631.0708199999999,-6.974969999999999,138.40695,1.0,3.72
0.9693101111311928,0.12888128223863937,-0.20933678414936444,0.0,0.1110538650892559,-0.9892758782888841,-0.09483997842979713,0.0,-0.21931553585714897,0.0686818660156128,-0.9732306271195004,0.0,632.6375599999999,-7.036926666666666,137.37543333333332,1.0,3.7600000000000002
0.9695030828303107,0.12989106512588858,-0.20781320937587788,0.0,0.11198253701483618,-0.9890801306522764,-0.09578430079846843,0.0,-0.21798605671287488,0.06959190540364389,-0.973464577012119,0.0,634.2042999999999,-7.098883333333332,136.34391666666664,1.0,3.8000000000000003
0.9696930762223663,0.13089930186017823,-0.206288236835468,0.0,0.11291239375652803,-0.9888825852399848,-0.09672708172899354,0.0,-0.2166569766976246,0.07050326978064853,-0.973695619513447,0.0,635.7710399999999,-7.1608399999999985,135.3124,1.0,3.84
0.9698800905642629,0.1319059884981249,-0.20476187249255856,0.0,0.1138434316775054,-0.9886832428246426,-0.0976683175339978,0.0,-0.21532830100965356,0.07141595558212745,-0.973923753719838,0.0,637.3377799999998,-7.222796666666666,134.28088333333335,1.0,3.88
0.9700641251245566,0.1329111211024079,-0.20323412231701735,0.0,0.11477564713632249,-0.9884821041859111,-0.09860800453214967,0.0,-0.21400003484563565,0.0723299592384131,-0.9741489787390208,0.0,638.9045199999999,-7.284753333333332,133.24936666666667,1.0,3.92
0.9702451791834569,0.13391469574178472,-0.20170499228413194,0.0,0.11570903648692797,-0.9882791701104775,-0.09954613904817541,0.0,-0.2126721834006431,0.07324527717468354,-0.9743712936901027,0.0,640.4712599999999,-7.34671,132.21785,1.0,3.96
0.970423252032831,0.13491670849110624,-0.200174488374587,0.0,0.11664359607867918,-0.9880744413920513,-0.10048271741287321,0.0,-0.2113447518681263,0.07416190581097641,-0.9745906977035724,0.0,642.0379999999999,-7.408666666666667,131.18633333333332,1.0,4.0
0.970598342976206,0.13591715543133212,-0.19864261657444054,0.0,0.11757932225635637,-0.9878679188313606,-0.10141773596312763,0.0,-0.21001774543989285,0.07507984156220306,-0.974807189921304,0.0,643.6047399999999,-7.470623333333332,130.15481666666665,1.0,4.04
0.9707704513287719,0.13691603264954624,-0.19710938287510085,0.0,0.11851621136017726,-0.9876596032361502,-0.10235119104192399,0.0,-0.2086911693060882,0.0759990808381624,-0.9750207694965601,0.0,645.17148,-7.53258,129.1233,1.0,4.08
0.9709395764173842,0.1379133362389719,-0.19557479327330252,0.0,0.11945425972581106,-0.9874494954211772,-0.10328307899836252,0.0,-0.2073650286551744,0.07691962004355522,-0.9752314355939949,0.0,646.73822,-7.594536666666667,128.09178333333332,1.0,4.12
0.9711057175805657,0.13890906229898708,-0.19403885377108343,0.0,0.12039346368439287,-0.9872375962082085,-0.10421339618767278,0.0,-0.20603932867391062,0.07784145557799782,-0.975439187389658,0.0,648.3049599999999,-7.656493333333333,127.06026666666665,1.0,4.16
0.971268874168511,0.13990320693513977,-0.19250157037576124,0.0,0.12133381956253822,-0.9870239064260179,-0.10514213897122787,0.0,-0.20471407454733226,0.07876458383603656,-0.9756440240709972,0.0,649.8716999999999,-7.718449999999999,126.02874999999999,1.0,4.2
0.9714290455430868,0.14089576625916325,-0.1909629490999095,0.0,0.12227532368235713,-0.9868084269103816,-0.10606930371655866,0.0,-0.20338927145873095,0.0796890012071616,-0.9758459448368617,0.0,651.4384399999999,-7.780406666666665,124.99723333333333,1.0,4.24
0.9715862310778364,0.14188673638899113,-0.18942299596133508,0.0,0.12321797236146871,-0.9865911585040766,-0.10699488679736797,0.0,-0.20206492458963435,0.08061470407582119,-0.9760449488975056,0.0,653.0051799999999,-7.842363333333333,123.96571666666665,1.0,4.28
0.9717404301579803,0.14287611344877263,-0.18788171698305323,0.0,0.1241617619130156,-0.9863721020568759,-0.10791888459354475,0.0,-0.20074103911978566,0.08154168882143585,-0.9762410354745905,0.0,654.5719199999999,-7.9043199999999985,122.9342,1.0,4.32
0.9718916421804199,0.14386389356888776,-0.18633911819326524,0.0,0.12510668864567817,-0.9861512584255462,-0.10884129349117834,0.0,-0.1994176202271234,0.08246995181841243,-0.9764342038011888,0.0,656.13866,-7.966276666666665,121.90268333333331,1.0,4.36
0.97203986655374,0.14485007288596238,-0.1847952056253342,0.0,0.12605274886368908,-0.985928628473844,-0.10976210988257241,0.0,-0.19809467308776144,0.08339948943615824,-0.9766244531217867,0.0,657.7053999999999,-8.028233333333333,120.87116666666667,1.0,4.4
0.9721851026982101,0.14583464754288353,-0.18324998531776174,0.0,0.1269999388668479,-0.9857042130725124,-0.11068133016625938,0.0,-0.19677220287596836,0.08433029803909547,-0.9768117826922873,0.0,659.2721399999999,-8.09019,119.83964999999999,1.0,4.44
0.9723273500457869,0.1468176136888141,-0.18170346331416434,0.0,0.1279482549505352,-0.985478013099278,-0.11159895074701409,0.0,-0.19545021476414753,0.0852623739866752,-0.976996191780013,0.0,660.8388799999999,-8.152146666666667,118.80813333333332,1.0,4.48
0.9724666080401174,0.14779896747920837,-0.18015564566324938,0.0,0.12889769340572738,-0.9852500294388469,-0.11251496803586829,0.0,-0.19412871392281664,0.08619571363339161,-0.9771776796637087,0.0,662.4056199999999,-8.214103333333334,117.77661666666667,1.0,4.5200000000000005
0.9726028761365398,0.1487787050758266,-0.17860653841879193,0.0,0.12984825051901114,-0.985020262982901,-0.11342937845012434,0.0,-0.1928077055205876,0.0871303133287966,-0.9773562456335451,0.0,663.9723599999999,-8.27606,116.74510000000001,1.0,4.5600000000000005
0.9727361538020871,0.1497568226467504,-0.17705614763961078,0.0,0.13079992257259768,-0.9847887146300962,-0.1143421784133694,0.0,-0.19148719472414635,0.08806616941751358,-0.9775318889911205,0.0,665.5391,-8.338016666666665,115.71358333333332,1.0,4.6000000000000005
0.9728664405154879,0.1507333163663975,-0.175504479389545,0.0,0.1317527058443377,-0.9845553852860568,-0.11525336435548933,0.0,-0.19016718669823263,0.08900327823925207,-0.9777046090494642,0.0,667.10584,-8.399973333333332,114.68206666666666,1.0,4.64
0.9729937357671686,0.15170818241553688,-0.17395153973742983,0.0,0.13270659660773568,-0.9843202758633729,-0.11616293271268285,0.0,-0.18884768660561962,0.08994163612882197,-0.977874405133039,0.0,668.6725799999999,-8.461929999999999,113.65054999999998,1.0,4.68
0.9731180390592565,0.15268141698130347,-0.17239733475707336,0.0,0.13366159113196446,-0.9840833872815974,-0.1170708799274751,0.0,-0.18752869960709412,0.09088123941614781,-0.9780412765777441,0.0,670.2393199999999,-8.523886666666666,112.61903333333333,1.0,4.72
0.9732393499055805,0.1536530162572134,-0.17084187052723254,0.0,0.13461768568187996,-0.9838447204672408,-0.11797720244873199,0.0,-0.18621023086143584,0.09182208442628323,-0.9782052227309169,0.0,671.8060599999999,-8.585843333333333,111.58751666666666,1.0,4.76
0.973357667831673,0.15462297644317843,-0.1692851531315893,0.0,0.13557487651803568,-0.9836042763537695,-0.11888189673167371,0.0,-0.18489228552539783,0.09276416747942522,-0.9783662429513367,0.0,673.3727999999999,-8.6478,110.55599999999998,1.0,4.8
0.9734729923747731,0.15559129374552133,-0.1677271886587272,0.0,0.13653315989669734,-0.9833620558816009,-0.11978495923788891,0.0,-0.18357486875368575,0.09370748489092856,-0.9785243366092261,0.0,674.9395399999999,-8.709756666666667,109.52448333333334,1.0,4.84
0.9735853230838271,0.15655796437699035,-0.16616798320210724,0.0,0.1374925320698575,-0.9831180599980996,-0.1206863864353483,0.0,-0.18225798569893806,0.09465203297132033,-0.9786795030862545,0.0,676.50628,-8.77171333333333,108.49296666666665,1.0,4.88
0.9736946595194909,0.1575229845567741,-0.16460754286004392,0.0,0.13845298928525035,-0.9828722896575749,-0.12158617479841859,0.0,-0.18094164151170583,0.09559780802631415,-0.9788317417755396,0.0,678.0730199999999,-8.833669999999998,107.46145,1.0,4.92
0.9738010012541308,0.15848635051051652,-0.16304587373568175,0.0,0.1394145277863664,-0.9826247458212758,-0.12248432080787626,0.0,-0.17962584134043239,0.09654480635682486,-0.9789810520816503,0.0,679.6397599999999,-8.895626666666665,106.42993333333332,1.0,4.96
0.9739043478718269,0.15944805847033136,-0.1614829819369713,0.0,0.14037714381246677,-0.9823754294573878,-0.12338082095092119,0.0,-0.17831059033143337,0.09749302425898279,-0.9791274334206088,0.0,681.2064999999999,-8.957583333333332,105.39841666666663,1.0,5.0
0.9740046989683728,0.16040810467481711,-0.15991887357664494,0.0,0.14134083359859845,-0.9821243415410291,-0.12427567172119076,0.0,-0.17699589362887655,0.09844245802414832,-0.9792708852198933,0.0,682.77324,-9.01954,104.36689999999999,1.0,5.04
0.9741020541512788,0.16136648536907178,-0.15835355477219346,0.0,0.14230559337560866,-0.9818714830542468,-0.12516886961877308,0.0,-0.17568175637476183,0.0993931039389264,-0.9794114069184394,0.0,684.33998,-9.081496666666666,103.33538333333334,1.0,5.08
0.9741964130397723,0.16232319680470722,-0.15678703164584193,0.0,0.14327141937015975,-0.981616854986013,-0.12606041115022107,0.0,-0.1743681837089008,0.10034495828518107,-0.9795489979666434,0.0,685.90672,-9.143453333333333,102.30386666666664,1.0,5.12
0.9742877752648,0.1632782352398643,-0.15521931032452554,0.0,0.14423830780474392,-0.9813604583322209,-0.12695029282856587,0.0,-0.1730551807688971,0.10129801734004992,-0.9796836578263634,0.0,687.4734599999999,-9.205409999999999,101.27234999999999,1.0,5.16
0.9743761404690285,0.16423159693922715,-0.15365039693986596,0.0,0.14520625489769792,-0.9811022940956807,-0.1278385111733308,0.0,-0.1717427526901258,0.10225227737595882,-0.9798153859709222,0.0,689.0401999999999,-9.267366666666664,100.24083333333331,1.0,5.2
0.974461508306847,0.1651832781740379,-0.152080297628147,0.0,0.14617525686321806,-0.9808423632861163,-0.1287250627105445,0.0,-0.17043090460571372,0.10320773466063639,-0.9799441818851087,0.0,690.6069399999999,-9.329323333333331,99.20931666666667,1.0,5.24
0.9745438784443672,0.16613327522211127,-0.15050901853029117,0.0,0.14714530991137467,-0.9805806669201608,-0.12960994397275485,0.0,-0.16911964164651938,0.10416438545712858,-0.9800700450651805,0.0,692.1736799999999,-9.391279999999998,98.17779999999999,1.0,5.28
0.974623250559426,0.16708158436784903,-0.14893656579183512,0.0,0.14811641024812724,-0.9803172060213524,-0.13049315149904256,0.0,-0.16780896894111252,0.10512222602381324,-0.9801929750188656,0.0,693.7404199999999,-9.453236666666665,97.14628333333332,1.0,5.32
0.9746996243415855,0.16802820190225484,-0.14736294556290583,0.0,0.14908855407533914,-0.9800519816201313,-0.1313746818350345,0.0,-0.16649889161575449,0.10608125261441492,-0.9803129712653643,0.0,695.3071599999998,-9.515193333333333,96.11476666666664,1.0,5.36
0.9747729994921349,0.16897312412294827,-0.14578816399819655,0.0,0.1500617375907924,-0.9797849947538345,-0.1322545315329173,0.0,-0.16518941479437793,0.10704146147801952,-0.9804300333353511,0.0,696.8738999999999,-9.57715,95.08324999999999,1.0,5.4
0.9748433757240921,0.1699163473341797,-0.14421222725694266,0.0,0.1510359569882027,-0.979516246466693,-0.13313269715145098,0.0,-0.1638805435985667,0.10800284885908859,-0.9805441607709764,0.0,698.4406399999999,-9.639106666666663,94.05173333333335,1.0,5.44
0.9749107527622033,0.1708578678468447,-0.14263514150289763,0.0,0.1520112084572343,-0.9792457378098257,-0.1340091752559821,0.0,-0.1625722831475362,0.10896541099747464,-0.9806553531258687,0.0,700.0073799999999,-9.701063333333334,93.02021666666667,1.0,5.48
0.9749751303429458,0.17179768197849823,-0.14105691290430897,0.0,0.1529874881835147,-0.978973469841238,-0.13488396241845754,0.0,-0.16126463855811282,0.10992914412843527,-0.9807636099651363,0.0,701.57412,-9.763019999999997,91.9887,1.0,5.5200000000000005
0.9750365082145281,0.17273578605336912,-0.13947754763389428,0.0,0.15396479234864968,-0.9786994436258156,-0.13575705521743756,0.0,-0.15995761494471458,0.11089404448264814,-0.9808689308653682,0.0,703.1408599999999,-9.824976666666664,90.95718333333335,1.0,5.5600000000000005
0.9750948861368911,0.17367217640237487,-0.13789705186881626,0.0,0.1549431171302386,-0.9784236602353212,-0.13662845023810963,0.0,-0.15865121741933033,0.11186010828622588,-0.9809713154146367,0.0,704.7076,-9.886933333333332,89.92566666666664,1.0,5.6000000000000005
0.9751502638817087,0.17460684936313517,-0.1363154317906596,0.0,0.15592245870188856,-0.9781461207483897,-0.1374981440723011,0.0,-0.15734545109150047,0.11282733176073051,-0.9810707632124984,0.0,706.2743399999999,-9.948889999999999,88.89415,1.0,5.64
0.9752026412323894,0.17553980127998708,-0.13473269358540638,0.0,0.15690281323323024,-0.9778668262505249,-0.13836613331849337,0.0,-0.1560403210682966,0.11379571112318845,-0.9811672738699967,0.0,707.8410799999999,-10.010846666666666,87.86263333333332,1.0,5.68
0.9752520179840765,0.17647102850399882,-0.13314884344341188,0.0,0.1578841768899321,-0.9775857778340945,-0.13923241458183455,0.0,-0.15473583245430167,0.11476524258610517,-0.981260847009662,0.0,709.4078199999999,-10.072803333333333,86.83111666666665,1.0,5.72
0.9752983939436493,0.17740052739298418,-0.13156388755938003,0.0,0.15886654583371598,-0.9773029765983259,-0.14009698447415297,0.0,-0.15343199035158991,0.11573592235748022,-0.9813514822655139,0.0,710.9745599999999,-10.13476,85.7996,1.0,5.76
0.9753417689297237,0.17832829431151678,-0.12997783213233985,0.0,0.15984991622237185,-0.9770184236493027,-0.14095983961397046,0.0,-0.15212879985970698,0.11670774664082179,-0.9814391792830628,0.0,712.5412999999999,-10.196716666666667,84.76808333333335,1.0,5.8
0.9753821427726523,0.17925432563094418,-0.12839068336562065,0.0,0.1608342842097728,-0.9767321200999588,-0.14182097662651555,0.0,-0.1508262660756498,0.11768071163516179,-0.9815239377193109,0.0,714.10804,-10.25867333333333,83.73656666666665,1.0,5.84
0.975419515314527,0.18017861772940227,-0.1268024474668281,0.0,0.16181964594589004,-0.9764440670700759,-0.1426803921437366,0.0,-0.14952439409384724,0.11865481353507053,-0.9816057572427538,0.0,715.6747799999999,-10.320629999999998,82.70504999999997,1.0,5.88
0.9754538864091771,0.18110116699182935,-0.12521313064781975,0.0,0.16280599757680847,-0.9761542656862777,-0.1435380828043151,0.0,-0.1482231890061392,0.1196300485306718,-0.9816846375333813,0.0,717.2415199999999,-10.382586666666668,81.67353333333332,1.0,5.92
0.9754852559221714,0.18202196980998,-0.12362273912468094,0.0,0.16379333524474077,-0.9758627170820261,-0.14439404525367863,0.0,-0.14692265590175765,0.12060641280765752,-0.9817605782826796,0.0,718.8082599999999,-10.444543333333332,80.64201666666668,1.0,5.96
0.9755136237308186,0.18294102258243972,-0.12203127911770016,0.0,0.16478165508804338,-0.9755694223976168,-0.1452482761440142,0.0,-0.1456227998673062,0.12158390254730286,-0.9818335791936317,0.0,720.3749999999999,-10.506499999999999,79.6105,1.0,6.0
0.9755389897241675,0.18385832171463867,-0.120438756851345,0.0,0.1657709532412314,-0.9752743827801744,-0.14610077213428121,0.0,-0.14432362598674012,0.12256251392648126,-0.9819036399807185,0.0,721.9417399999999,-10.568456666666666,78.57898333333335,1.0,6.04
0.9755613538030072,0.1847738636188657,-0.11884517855423779,0.0,0.16676122583499348,-0.9749775993836486,-0.14695152989022456,0.0,-0.143025139341347,0.12354224311767906,-0.9819707603699207,0.0,723.50848,-10.630413333333333,77.54746666666665,1.0,6.08
0.975580715879868,0.18568764471428248,-0.11725055045913112,0.0,0.16775246899620683,-0.9746790733688091,-0.14780054608438759,0.0,-0.1417273450097264,0.12452308628901063,-0.9820349400987191,0.0,725.07522,-10.692369999999997,76.51594999999998,1.0,6.12
0.9755970758790222,0.18659966142693754,-0.11565487880288361,0.0,0.16874467884795297,-0.9743788059032414,-0.1486478173961253,0.0,-0.1404302480677701,0.12550503960423345,-0.982096178916096,0.0,726.6419599999999,-10.754326666666664,75.48443333333333,1.0,6.16
0.9756104337364825,0.1875099101897804,-0.11405816982643519,0.0,0.16973785150953236,-0.9740767981613421,-0.14949334051161717,0.0,-0.13913385358864214,0.1264880992227632,-0.9821544765825361,0.0,728.2086999999999,-10.816283333333331,74.45291666666665,1.0,6.2
0.975620789400004,0.1884183874426748,-0.11246042977478315,0.0,0.17073198309647972,-0.9737730513243139,-0.1503371121238801,0.0,-0.13783816664275939,0.1274722612996883,-0.9822098328700274,0.0,729.7754399999999,-10.878239999999998,73.4214,1.0,6.24
0.9756281428290843,0.1893250896324138,-0.11086166489695734,0.0,0.17172706972057938,-0.9734675665801621,-0.15117912893278154,0.0,-0.13654319229777126,0.1284575219857855,-0.982262247562062,0.0,731.3421799999999,-10.940196666666665,72.38988333333333,1.0,6.28
