Xx,Xy,Xz,0,Yx,Yy,Yz,0,Zx,Zy,Zz,0,Px,Py,Pz,1,time
0.8719955222473857,0.3467958666117209,-0.3454800082226675,0.0,0.3695505303171277,-0.9292106357238544,-1.1492405318404507e-16,0.0,-0.3210236980704674,-0.12767232025265232,-0.9384261099939971,0.0,4.85,0.0,2.34,1.0,0.0
0.8719975640894783,0.3467965349005725,-0.3454741836997019,0.0,0.3695493459005887,-0.9292111067647599,-3.0757174382573125e-06,0.0,-0.3210195152424014,-0.12766707659365048,-0.9384282542568546,0.0,4.850053119999999,-5.11999999999999e-05,2.339944448,1.0,0.04
0.8720118562528446,0.34680121200951963,-0.3454334116778514,0.0,0.3695410553668364,-0.9292144035652454,-2.4605961011246806e-05,0.0,-0.3209902349808113,-0.1276303708206508,-0.9384432627982099,0.0,4.85042496,-0.0004095999999999992,2.3395555839999997,1.0,0.08
0.8720506428165252,0.34681389896535675,-0.34532274157670184,0.0,0.3695185558596067,-0.9292233477377327,-8.304714722670787e-05,0.0,-0.3209107558824307,-0.12753073945463214,-0.9384839888114442,0.0,4.85143424,-0.0013823999999999972,2.3385000959999998,1.0,0.12
0.8721261569305372,0.3468385744443067,-0.3451071857959999,0.0,0.36947474968692773,-0.9292407495351271,-0.0001968761004885007,0.0,-0.32075594422298054,-0.12733669028939756,-0.9385632592237925,0.0,4.853399925925926,-0.0032770370370370297,2.3364444148148147,1.0,0.16
0.8722493703263238,0.3468787656016992,-0.3447552145931666,0.0,0.36940326845061816,-0.929269110006962,-0.0003827454462803765,0.0,-0.32050313769531097,-0.12701985360847148,-0.9386925458135642,0.0,4.856609259259259,-0.006370370370370361,2.333088148148148,1.0,0.2
0.8724234058281108,0.34693538446599065,-0.34425752004665944,0.0,0.36930229379550933,-0.9293090977547502,-0.0006455753938073242,0.0,-0.3201456182748971,-0.12657187671694303,-0.938875041346662,0.0,4.8611465925925925,-0.010743703703703688,2.3283430814814814,1.0,0.24
0.8726480959452219,0.3470082220866465,-0.34361402004786373,0.0,0.3691719132288104,-0.9293606015770187,-0.000985416354648756,0.0,-0.3196832799071122,-0.1259927234671777,-0.9391104485134666,0.0,4.867011925925926,-0.016397037037037016,2.322209214814815,1.0,0.28
0.8729232240289839,0.3470970083127603,-0.3428246088471105,0.0,0.36901223994871146,-0.929423477694308,-0.0014023332886368327,0.0,-0.3191159857777073,-0.12528234748338993,-0.9393983828441326,0.0,4.874205259259259,-0.02333037037037034,2.3146865481481482,1.0,0.32
0.8732485241687203,0.34720141175978086,-0.341889157353166,0.0,0.36882341290476567,-0.9294975497255392,-0.001896405545671414,0.0,-0.3184435685281229,-0.1244406924310777,-0.9397383725999691,0.0,4.882726592592592,-0.031543703703703664,2.3057750814814812,1.0,0.36
0.8736236810646629,0.3473210397692965,-0.34080751350076127,0.0,0.3686055968716932,-0.9295826086593462,-0.00246772667157816,0.0,-0.31766583051984787,-0.12346769234756101,-0.9401298586410648,0.0,4.892575925925925,-0.041037037037037004,2.2954748148148147,1.0,0.4
0.874048329878081,0.3474554383622345,-0.33957950268629894,0.0,0.36835898253646004,-0.9296784128205603,-0.003116404177924887,0.0,-0.31678254414800616,-0.12236327203368462,-0.9405721942706724,0.0,4.9037532592592585,-0.05181037037037033,2.283785748148148,1.0,0.44
0.8745220560589635,0.3476040921859027,-0.3382049282718986,0.0,0.3680837865984496,-0.9297846878320781,-0.0038425592756959237,0.0,-0.3157934522043837,-0.12112734750675361,-0.9410646450569574,0.0,4.916258592592592,-0.06386370370370367,2.2707078814814814,1.0,0.48
0.8750443951516551,0.34776642445536626,-0.33668357215796746,0.0,0.3677802518825201,-0.9299011265723728,-0.004646326572710191,0.0,-0.31469826829013986,-0.11975982651477973,-0.9416063886328178,0.0,4.930091925925925,-0.07719703703703701,2.2562412148148145,1.0,0.52
0.8756148325788985,0.3479417968897195,-0.33501519542450325,0.0,0.3674486474647118,-0.9300273891289468,-0.005527853734654496,0.0,-0.3134966772784777,-0.1182606091121244,-0.9421965144745709,0.0,4.945253259259259,-0.09181037037037032,2.240385748148148,1.0,0.56
0.876232803404787,0.34812950964387984,-0.3331995390413563,0.0,0.36708926881033843,-0.9301631027480635,-0.00648730110959072,0.0,-0.31218833582757766,-0.11662958829663017,-0.9428340236604038,0.0,4.961742592592592,-0.10770370370370361,2.2231414814814814,1.0,0.6
0.8768976920771918,0.34832880123659676,-0.3312363246477006,0.0,0.3667024379241687,-0.9303078617811216,-0.007524841315782553,0.0,-0.3107728729441289,-0.11486665070833976,-0.9435178286095799,0.0,4.979559925925925,-0.12487703703703697,2.2045084148148146,1.0,0.64
0.8776088321502821,0.34853884847543753,-0.3291252554009778,0.0,0.36628850351237435,-0.9304612276280826,-0.008640658792675738,0.0,-0.3092498905978194,-0.11297167738990449,-0.9442467528034892,0.0,4.998705259259259,-0.1433303703703703,2.184486548148148,1.0,0.68
0.8783655059878119,0.34875876637957753,-0.32686601689559924,0.0,0.3658478411558918,-0.930622728678392,-0.009834949314854707,0.0,-0.30761896438717357,-0.11094454460878825,-0.9450195304897313,0.0,5.019178592592592,-0.1630637037037036,2.163075881481481,1.0,0.72
0.8791669444479036,0.3489876081012906,-0.3244582781517012,0.0,0.365380853494814,-0.9307918602498687,-0.01110791946878831,0.0,-0.3058796442571524,-0.10878512474137435,-0.9458348063705123,0.0,5.040979925925925,-0.18407703703703698,2.1402764148148146,1.0,0.76
0.8800123265501183,0.3492243648471023,-0.32190169267426744,0.0,0.36488797042339893,-0.9309680845260814,-0.012459786092168045,0.0,-0.30403145526895425,-0.10649328721908248,-0.9466911352767445,0.0,5.064109259259259,-0.20637037037037034,2.116088148148148,1.0,0.8
0.8809007791256603,0.3494679657996369,-0.31919589958293865,0.0,0.36436964929525256,-0.9311508304927573,-0.013890775675634114,0.0,-0.30207389842247806,-0.10406889953660141,-0.9475869818293247,0.0,5.088566592592592,-0.22994370370370357,2.0905110814814813,1.0,0.84
0.8818313764516177,0.349717278041257,-0.3163405248128423,0.0,0.3638263751382083,-0.9313394938738137,-0.015401123726677428,0.0,-0.30000645153193256,-0.10151182832233935,-0.9485207200891792,0.0,5.114351925925925,-0.25479703703703693,2.063545214814815,1.0,0.88
0.8828031398702068,0.34997110648066015,-0.3133351823867813,0.0,0.36325866087840075,-0.931533437067631,-0.01699107409549978,0.0,-0.29782857015509445,-0.09882194047118881,-0.949490633197756,0.0,5.141465259259259,-0.2809303703703702,2.0351905481481483,1.0,0.92
0.8838150373940425,0.35022819378366854,-0.3101794757591238,0.0,0.3626670475729915,-0.931731989084231,-0.018660878262609842,0.0,-0.2955396885767362,-0.09599910433969408,-0.9504949130097462,0.0,5.169906592592592,-0.30834370370370356,2.0054470814814813,1.0,0.96
0.8848659832985206,0.3504872203095122,-0.3068729992317405,0.0,0.3620521046509816,-0.9319344454840522,-0.020410794587929323,0.0,-0.29313922084676153,-0.09304319100370086,-0.9515316597199232,0.0,5.199675925925925,-0.3370370370370369,1.9743148148148149,1.0,1.0
0.885954837702456,0.35074680405397696,-0.3034153394423338,0.0,0.3614144301615045,-0.9321400683190592,-0.022241087521181396,0.0,-0.29062656187359975,-0.0899540755785543,-0.9525988814860836,0.0,5.230773259259259,-0.36701037037037026,1.941793748148148,1.0,1.04
0.8870804061381885,0.3510055006008538,-0.29980607692550104,0.0,0.36075465102896576,-0.9323480860769519,-0.024152026773333647,0.0,-0.28800108857342277,-0.0867316386018977,-0.9536944940501825,0.0,5.263198592592593,-0.3982637037037036,1.9078838814814814,1.0,1.08
0.8882414391124227,0.3512618030831969,-0.2960447877468662,0.0,0.3600734233143609,-0.9325576936292832,-0.026143886448868333,0.0,-0.28526216107575875,-0.0833757674791063,-0.9548163203598535,0.0,5.296951925925925,-0.4307970370370369,1.8725852148148148,1.0,1.12
0.8894366316591392,0.3515141421559634,-0.29213104521060645,0.0,0.35937143248206754,-0.9327680521843278,-0.028216944138656032,0.0,-0.2824091239860838,-0.07988635799137102,-0.9559620901926137,0.0,5.3320332592592585,-0.4646103703703701,1.8358977481481482,1.0,1.16
0.8906646228859734,0.35176088598167765,-0.28806442164068696,0.0,0.3586493936713761,-0.9329782892455817,-0.03037147997321274,0.0,-0.27944130770597914,-0.07626331586642401,-0.9571294397851514,0.0,5.368442592592592,-0.4997037037037035,1.7978214814814817,1.0,1.2
0.8919239955155254,0.35200034023082805,-0.28384449023610114,0.0,0.3579080519719871,-0.9331874985768095,-0.03260777563612751,0.0,-0.27635802981144164,-0.07250655841187209,-0.9583159114702047,0.0,5.406179925925926,-0.5360770370370368,1.758356414814815,1.0,1.24
0.893213275423131,0.35223074809877547,-0.2794708270003944,0.0,0.35714818270266757,-0.9333947401745947,-0.03492611333745492,0.0,-0.27315859648993995,-0.06861601621107523,-0.9595189533236421,0.0,5.445245259259259,-0.5737303703703701,1.7175025481481483,1.0,1.28
0.8945309311726858,0.35245029034101627,-0.2749430127457256,0.0,0.35637059169222585,-0.9335990402493805,-0.03732677474687801,0.0,-0.26984230403680026,-0.0645916348814753,-0.9607359188244601,0.0,5.485638592592593,-0.6126637037037036,1.6752598814814812,1.0,1.32
0.8958753735521868,0.35265708532871254,-0.2702606351716946,0.0,0.35557611556192414,-0.9337993912160308,-0.03981003988645818,0.0,-0.2664084404115055,-0.060433376895244945,-0.9619640665305216,0.0,5.527359925925926,-0.6528770370370369,1.6316284148148146,1.0,1.36
0.8972449551107196,0.3528491891264669,-0.26542329101913165,0.0,0.35476562200841694,-0.9339947516949758,-0.042376185982804286,0.0,-0.26285628685447926,-0.056141223462087456,-0.9632005597729644,0.0,5.570409259259259,-0.6943703703703702,1.586608148148148,1.0,1.4000000000000001
0.8986379696986888,0.3530245955943867,-0.2604305882990116,0.0,0.35394001008626114,-0.9341840465250388,-0.04502548627850839,0.0,-0.2591851195649151,-0.051715176473976165,-0.9644424663723118,0.0,5.614786592592592,-0.7371437037037034,1.5401990814814817,1.0,1.44
0.9000526576810705,0.3531812370994965,-0.25528212780731097,0.0,0.3531002071215669,-0.9343661674977358,-0.04775821983899801,0.0,-0.2553941961218956,-0.047155242107295575,-0.9656867633295154,0.0,5.66049211037037,-0.7811972148148144,1.492401021925926,1.0,1.48
0.9014871715670123,0.3533169812763186,-0.24997763026579392,0.0,0.3522471891507905,-0.9345399691991543,-0.05057460404760762,0.0,-0.25148284923651715,-0.04246154332125409,-0.966930307041336,0.0,5.707525074814814,-0.8265301925925922,1.443214741037037,1.0,1.52
0.902939511776266,0.35342962925726373,-0.2445171894941013,0.0,0.35138201938626856,-0.9347042632560264,-0.05347466003361003,0.0,-0.24745067444741115,-0.03763454306332064,-0.9681697810120358,0.0,5.755881612592592,-0.8731389037037033,1.3926442894814817,1.0,1.56
0.9044074798990439,0.3535169223937293,-0.2389014857249825,0.0,0.35050587670741157,-0.9348578179192225,-0.05645809902066204,0.0,-0.2432976900382193,-0.03267523091497071,-0.9694016641142501,0.0,5.80555287037037,-0.9210148148148145,1.3406989259259259,1.0,1.6
0.9034289805233534,0.3534617678542608,-0.24265574418081795,0.0,0.3510900744980869,-0.9347568909275351,-0.05446348133188211,0.0,-0.2460747695770542,-0.03599011870710631,-0.9685829198912174,0.0,5.77235287037037,-0.8890148148148148,1.375418925925926,1.0,1.6400000000000001
0.904892669540051,0.35353967439520034,-0.23702323717402118,0.0,0.35021591403674535,-0.9349056987289561,-0.05745615893452112,0.0,-0.24190727823444755,-0.031017636181933265,-0.9698040182015644,0.0,5.82215287037037,-0.9370148148148143,1.3233389259259263,1.0,1.68
0.9063319701109189,0.35358862805073266,-0.23138412342263687,0.0,0.34935458775830275,-0.9350390076554218,-0.06045328492934734,0.0,-0.2377286355286691,-0.026044344992598435,-0.9709829850457976,0.0,5.87195287037037,-0.9850148148148143,1.2712589259259262,1.0,1.72
0.9077468194859372,0.3536086266865971,-0.225738648778371,0.0,0.34850613321449947,-0.9351568118949855,-0.06345472864892412,0.0,-0.23353902363842322,-0.021070461962556224,-0.9721197690238168,0.0,5.92175287037037,-1.0330148148148146,1.219178925925926,1.0,1.76
0.9091371559810986,0.3535996694309014,-0.220087059370249,0.0,0.34767058739589934,-0.935259106311668,-0.0664603592375725,0.0,-0.2293386252206444,-0.016096203941063824,-0.9732143205745932,0.0,5.97155287037037,-1.0810148148148144,1.1670989259259261,1.0,1.8
0.9105029189810983,0.35356175667416023,-0.21442960159388538,0.0,0.34684798673027695,-0.9353458864456801,-0.06947004565707612,0.0,-0.22512762340253348,-0.011121787793727102,-0.9742665919783292,0.0,6.02135287037037,-1.1290148148148145,1.115018925925926,1.0,1.84
0.9118440489419762,0.3534948900692781,-0.20876652210074104,0.0,0.34603836708102953,-0.9354171485136179,-0.07248365669239425,0.0,-0.22090620177357392,-0.0061474303930459055,-0.9752765373585394,0.0,6.07115287037037,-1.1770148148148145,1.062938925925926,1.0,1.8800000000000001
0.9131604873937136,0.3533990725314769,-0.20309806778737036,0.0,0.3452417637456137,-0.9354728894086283,-0.0755010609573824,0.0,-0.2166745443775277,-0.0011733486089588073,-0.9762441126840504,0.0,6.12095287037037,-1.2250148148148143,1.0108589259259262,1.0,1.92
0.914452176942781,0.35327430823816947,-0.19742448578465666,0.0,0.3444582114540059,-0.9355131067005428,-0.07852212690052045,0.0,-0.21243283570441152,0.0038002407006117807,-0.977169275770921,0.0,6.17075287037037,-1.2730148148148144,0.9587789259259263,1.0,1.96
0.9157190612746416,0.35312060262877687,-0.19174602344703828,0.0,0.3436877443671891,-0.9355377986359851,-0.081546722810648,0.0,-0.2081812606824533,0.00877312069921425,-0.9780519862842809,0.0,6.22055287037037,-1.3210148148148144,0.9066989259259262,1.0,2.0
0.9169610851562061,0.3529379624044914,-0.18606292834172417,0.0,0.3429303960756627,-0.9355469641384465,-0.08457471682270658,0.0,-0.20392000467002988,0.013745074581321086,-0.9788922057400883,0.0,6.27035287037037,-1.3690148148148142,0.854618925925926,1.0,2.04
0.9181781944382404,0.3527263955279847,-0.1803754482379009,0.0,0.34218619959797847,-0.9355406028083334,-0.08760597692348877,0.0,-0.19964925344758602,0.018715885581781302,-0.9796898975068096,0.0,6.32015287037037,-1.4170148148148145,0.8025389259259259,1.0,2.08
0.9193703360577269,0.35248591122306033,-0.1746838310959303,0.0,0.34145518737930103,-0.9355187149229841,-0.09064037095739358,0.0,-0.1953691932095345,0.0236853369852708,-0.9804450268070152,0.0,6.369952870370371,-1.4650148148148145,0.750458925925926,1.0,2.12
0.9205374580401772,0.35221651997425185,-0.16898832505653905,0.0,0.3407373912899931,-0.9354813014366576,-0.09367776663218805,0.0,-0.19108001055613877,0.028653212135740513,-0.981157560718896,0.0,6.41975287037037,-1.5130148148148146,0.6983789259259259,1.0,2.16
0.9216795095018989,0.35191823352636514,-0.16328917843000018,0.0,0.34003284262422623,-0.9354283639804916,-0.09671803152477507,0.0,-0.18678189248537722,0.033619294445862355,-0.9818274681776985,0.0,6.469552870370371,-1.5610148148148146,0.6462989259259257,1.0,2.2
0.9227964406522132,0.3515910648839674,-0.1575866396853078,0.0,0.33934157209861643,-0.9353599048624306,-0.09976103308696642,0.0,-0.18247502638479124,0.03858336740647155,-0.9824547199770798,0.0,6.519352870370371,-1.609014814814815,0.5942189259259258,1.0,2.24
0.9238882027956266,0.35123502831081915,-0.15188095743934404,0.0,0.33866360985088484,-0.9352759270671265,-0.10280663865126184,0.0,-0.17815960002331466,0.04354521459600624,-0.9830392887703797,0.0,6.56915287037037,-1.6570148148148147,0.5421389259259259,1.0,2.2800000000000002
0.9249547483339529,0.3508501393292531,-0.14617238044603992,0.0,0.33799898543854395,-0.9351764342558078,-0.10585471543663286,0.0,-0.17383580154308834,0.048504619689942685,-0.9835811490718145,0.0,6.618952870370371,-1.7050148148148143,0.49005892592592604,1.0,2.32
0.9259960307683889,0.35043641471949666,-0.14046115758553063,0.0,0.337347727837609,-0.9350614307661202,-0.10890513055431175,0.0,-0.16950381945125703,0.05346136647022674,-0.984080277257587,0.0,6.668752870370371,-1.7530148148148144,0.43797892592592613,1.0,2.36
0.9270120047015418,0.34999387251894115,-0.13474753785330457,0.0,0.33670986544133447,-0.9349309216119376,-0.11195775101358513,0.0,-0.16516384261175115,0.058415238834700206,-0.9845366515669166,0.0,6.71855287037037,-1.8010148148148146,0.38589892592592623,1.0,2.4
0.9280026258394078,0.34952253202135525,-0.12903177034934823,0.0,0.3360854260589764,-0.9347849124831429,-0.11501244372759206,0.0,-0.160816060237053,0.06336602080652244,-0.9849502521029889,0.0,6.768352870370371,-1.8490148148148142,0.3338189259259261,1.0,2.44
0.9289678509933041,0.34902241377604315,-0.12331410426728545,0.0,0.33547443691458007,-0.9346234097453807,-0.11806907551912636,0.0,-0.1564606618799469,0.06831349654358652,-0.9853210608338214,0.0,6.818152870370371,-1.8970148148148145,0.281738925925926,1.0,2.48
0.9299076380817508,0.3484935395869496,-0.11759478888351373,0.0,0.3348769246457927,-0.9344464204397792,-0.1211275131264427,0.0,-0.1520978374252559,0.0732574503479292,-0.9856490615930514,0.0,6.86795287037037,-1.945014814814814,0.2296589259259263,1.0,2.52
0.9308219461323066,0.34793593251170873,-0.11187407354633591,0.0,0.33429291530270266,-0.9342539522826439,-0.12418762320906664,0.0,-0.14772777708156282,0.07819766667513514,-0.9859342400806402,0.0,6.917752870370371,-1.9930148148148141,0.17757892592592617,1.0,2.56
0.9317107352833539,0.34734961686063887,-0.1061522076650896,0.0,0.3337224343467031,-0.93404601366512,-0.12724927235360772,0.0,-0.1433506713729177,0.08313393014373384,-0.986176583863496,0.0,6.967552870370371,-2.041014814814814,0.12549892592592604,1.0,2.6
0.932573966785838,0.3467346181956828,-0.10042944069927315,0.0,0.3331655066493825,-0.933822613652828,-0.13031232707957635,0.0,-0.13896671113053147,0.08806602554459,-0.9863760823760168,0.0,7.01735287037037,-2.089014814814814,0.07341892592592636,1.0,2.64
0.9334116030049551,0.3460909633292933,-0.0947060221476703,0.0,0.33262215649144,-0.9335837619854678,-0.13337665384520267,0.0,-0.1345760874844561,0.09299373785028575,-0.9865327269205504,0.0,7.0671528703703705,-2.1370148148148145,0.021338925925926233,1.0,2.68
0.9342236074217944,0.3454186803232641,-0.0889822015374719,0.0,0.33209240756162695,-0.9333294690763932,-0.1364421190532593,0.0,-0.13017899185525178,0.09791685222449581,-0.9866465106677739,0.0,7.116952870370371,-2.185014814814814,-0.030741074074073893,1.0,2.72
0.9350099446349294,0.34471779848750633,-0.0832582284133981,0.0,0.33157628295571406,-0.9330597460121598,-0.1395085890568853,0.0,-0.12577561594564154,0.10283515403135346,-0.9867174286569913,0.0,7.16675287037037,-2.2330148148148146,-0.08282107407407358,1.0,2.7600000000000002
0.9357705803619611,0.34398834837877135,-0.07753435232681796,0.0,0.33107380517548446,-0.9327746045520399,-0.14257593016541312,0.0,-0.12136615173215363,0.10774842884480818,-0.98674547779635,0.0,7.2165528703703705,-2.281014814814814,-0.1349010740740737,1.0,2.8000000000000003
0.9365054814410142,0.3432303617993175,-0.07181082282486997,0.0,0.33058499612775266,-0.9324740571275109,-0.14564400865019722,0.0,-0.11695079145675126,0.11265646245797442,-0.9867306568629758,0.0,7.266352870370371,-2.329014814814814,-0.18698107407407383,1.0,2.84
0.9372146158321806,0.34244387179552455,-0.06608788943958255,0.0,0.3301098771234098,-0.9321581168417126,-0.1487126907504442,0.0,-0.11252972761845187,0.11755904089246999,-0.9866729665030252,0.0,7.31615287037037,-2.3770148148148147,-0.23906107407407395,1.0,2.88
0.9378979526189176,0.3416289126564522,-0.06036580167699461,0.0,0.329648468876494,-0.9318267974688769,-0.15178184267904443,0.0,-0.1081031529649343,0.12245595040774553,-0.9865724092316582,0.0,7.3659528703703705,-2.4250148148148143,-0.29114107407407364,1.0,2.92
0.9385554620093964,0.34078551991234585,-0.054644809006278154,0.0,0.3292007915032876,-0.9314801134537257,-0.15485133062840498,0.0,-0.10367126048413583,0.12734697751040264,-0.9864289894329286,0.0,7.415752870370371,-2.4730148148148143,-0.3432210740740742,1.0,2.96
0.939187115337799,0.33991373033308697,-0.04892516084886173,0.0,0.32876686452144027,-0.9311180799108432,-0.15792102077628326,0.0,-0.09923424339583793,0.13223190896350212,-0.986242713359592,0.0,7.46555287037037,-2.521014814814815,-0.3953010740740739,1.0,3.0
0.9397928850655699,0.33901358192659053,-0.0432071065675565,0.0,0.3283467068491176,-0.930740712624015,-0.16099077929162114,0.0,-0.09479229514324258,0.13711053179586,-0.9860135891328345,0.0,7.515352870370371,-2.5690148148148144,-0.447381074074074,1.0,3.04
0.9403727447826159,0.3380851139371476,-0.037490895455684285,0.0,0.32794033680417706,-0.9303480280455413,-0.16406047234038001,0.0,-0.09034560938453853,0.1419826333113331,-0.9857416267419175,0.0,7.565152870370371,-2.6170148148148145,-0.49946107407407414,1.0,3.08
0.9409266692084568,0.33712836684371433,-0.031776776726209405,0.0,0.32754777210336844,-0.9299400432955187,-0.1671299660913754,0.0,-0.08589437998445854,0.14684800109809196,-0.9854268380437428,0.0,7.614952870370371,-2.6650148148148145,-0.5515410740740738,1.0,3.12
0.9414546341933292,0.33614338235814767,-0.026064999500873265,0.0,0.3271690298615623,-0.9295167761610945,-0.17019912672211168,0.0,-0.08143880100582693,0.151706423037881,-0.9850692367623354,0.0,7.664752870370371,-2.7130148148148145,-0.603621074074074,1.0,3.16
0.9419566167192381,0.3351302034233861,-0.020355812799333083,0.0,0.3268041265910034,-0.9290782450956911,-0.17326782042461655,0.0,-0.07697906670109918,0.15655768731526734,-0.9846688384882453,0.0,7.714552870370372,-2.7610148148148146,-0.6557010740740741,1.0,3.2
0.9424325949009604,0.33408887421157824,-0.014649465528306118,0.0,0.3264530782005908,-0.9286244692182012,-0.17633591341127464,0.0,-0.07251537150389283,0.1614015824268743,-0.9842256606778679,0.0,7.764352870370372,-2.8090148148148146,-0.7077810740740746,1.0,3.24
0.9428825479870003,0.3330194401221564,-0.008946206470716842,0.0,0.3261158999951843,-0.9281554683121541,-0.17940327192066013,0.0,-0.06804791002051104,0.16623789719060325,-0.9837397226526826,0.0,7.814152870370371,-2.8570148148148147,-0.7598610740740748,1.0,3.2800000000000002
0.9427354741410595,0.3333789956290409,-0.01084670904381544,0.0,0.32622673744953573,-0.928313473740166,-0.17838103012287368,0.0,-0.0695372937882819,0.16462683856657434,-0.9839064323808885,0.0,7.797554837777779,-2.841016711111111,-0.7425031315555559,1.0,3.3200000000000003
0.9431679159854353,0.33229124155335965,-0.005147673511867039,0.0,0.325898928913199,-0.9278345065950256,-0.1814467343956144,0.0,-0.06506901941193427,0.16945626595239355,-0.9833921880165389,0.0,7.847337131111111,-2.8889996444444437,-0.7945646142222218,1.0,3.36
0.9435726399553582,0.33118030261611625,0.0005235602348278461,0.0,0.32558631520476766,-0.9273425009987746,-0.18449840336618362,0.0,-0.060616398969577476,0.17425720554743138,-0.98283771795345,0.0,7.896906944444446,-2.936777777777777,-0.8464038888888892,1.0,3.4
0.9439476063563103,0.3300539925106265,0.006130365139043765,0.0,0.325290610473328,-0.9268409792453857,-0.18751630752401652,0.0,-0.05620832698663174,0.17899876149406654,-0.9822475613388375,0.0,7.945945557777778,-2.984043911111111,-0.8976876435555554,1.0,3.44
0.9437634369334976,0.33062007823060896,0.003329709543956846,0.0,0.3254366561829961,-0.9270933736924035,-0.18600872148356287,0.0,-0.058410954347874,0.1766309088539105,-0.982547573899638,0.0,7.921446171111111,-2.9604300444444434,-0.8720665982222213,1.0,3.48
0.9441230932151331,0.3294889553783952,0.008892121063210088,0.0,0.3251498448405421,-0.926588413298721,-0.18900317404925826,0.0,-0.05403482362522626,0.18133254722281542,-0.981941495335826,0.0,7.970112944444445,-3.007337777777777,-0.9229614888888884,1.0,3.52
0.9444490218461599,0.32836312977286264,0.014298979610897985,0.0,0.3248836207254609,-0.9260833629385486,-0.19191473724075514,0.0,-0.04977539276887429,0.18589814896415138,-0.98131286620874,0.0,8.017451717777778,-3.0529655111111103,-0.9724675795555546,1.0,3.56
0.9447431952144466,0.3272447659574991,0.019550393792498132,0.0,0.3246369348072683,-0.9255793927427994,-0.1947433989000436,0.0,-0.04563304785448329,0.1903281841060597,-0.9806649544298138,0.0,8.06346249111111,-3.097313244444443,-1.0205848702222218,1.0,3.6
0.9450075329093304,0.3261359626530266,0.02464649793236826,0.0,0.3244087656434452,-0.9250776378093606,-0.19748916267158526,0.0,-0.04160814165775459,0.1946231339346521,-0.9800009342244368,0.0,8.108145264444445,-3.1403809777777774,-1.0673133608888885,1.0,3.64
0.9452439013453398,0.32503875302030816,0.02958744959800346,0.0,0.3241981196218735,-0.9245791982980405,-0.20015204667729855,0.0,-0.03770099555030491,0.1987834888597777,-0.9793238860409262,0.0,8.151500037777778,-3.1821687111111103,-1.1126530515555557,1.0,3.68
0.9454541134197656,0.32395510494087804,0.03437342719706237,0.0,0.3240040311840512,-0.9240851395364043,-0.20273208222967012,0.0,-0.03391190134528534,0.2028097463479068,-0.9786367965001956,0.0,8.193526811111113,-3.2226764444444442,-1.1566039422222225,1.0,3.72
0.9456399282020851,0.32288692131282104,0.039004627647382106,0.0,0.3238255630301351,-0.9235964921352757,-0.20522931258318422,0.0,-0.030241123092090455,0.2067024089219298,-0.9779425583827581,0.0,8.234225584444445,-3.2619041777777777,-1.199166032888889,1.0,3.7600000000000002
0.9458030506533092,0.3218360403598032,0.04348126412014538,0.0,0.3236618063068387,-0.9231142521127239,-0.20764379172422745,0.0,-0.02668889881955748,0.21046198222763673,-0.9772439706497942,0.0,8.273596357777778,-3.299851911111111,-1.2403393235555558,1.0,3.8000000000000003
0.9459451313733657,0.3208042359511279,0.04780356385631348,0.0,0.3235118807791813,-0.9226393810253868,-0.2099755831995976,0.0,-0.023255442227116615,0.21408897316660924,-0.9765437384951219,0.0,8.311639131111113,-3.336519644444444,-1.2801238142222218,1.0,3.84
0.9460677663746933,0.3197932179307647,0.05197176605638821,0.0,0.32337493498705866,-0.922172806106028,-0.21222475898371698,0.0,-0.019940944323401204,0.21758388809522458,-0.9758444734250015,0.0,8.348353904444444,-3.371907377777777,-1.3185195048888882,1.0,3.88
0.9461724968802728,0.31880463245337615,0.055986119843523786,0.0,0.32325014638757504,-0.9217154204062602,-0.2143913983846249,0.0,-0.016745575011875635,0.2209472310894499,-0.9751486933628154,0.0,8.383740677777778,-3.4060151111111097,-1.3555263955555548,1.0,3.92
0.9462608091443796,0.3178400623254338,0.05984688229997029,0.0,0.3231367214840494,-0.921268082943404,-0.21647558698880126,0.0,-0.013669484623084894,0.22417950227507985,-0.9744588227757582,0.0,8.417799451111112,-3.4388428444444434,-1.3911444862222213,1.0,3.96
0.946334134294394,0.3169010273495948,0.0635543165767952,0.0,0.3230338959425767,-0.9208316188504974,-0.21847741564485199,0.0,-0.010712805393170042,0.22728119622305362,-0.9737771928207857,0.0,8.450530224444446,-3.4703905777777773,-1.4253737768888888,1.0,4.0
0.9463938481920752,0.31598898467057845,0.06710869007679632,0.0,0.3229409346969973,-0.9204068195284987,-0.22039697948606676,0.0,-0.00787565288833383,0.23025280040947205,-0.9731060415071585,0.0,8.481932997777779,-3.5006583111111103,-1.458214267555555,1.0,4.04
0.9464412713127427,0.31510532912085343,0.07051027271049658,0.0,0.322857132043097,-0.9199944427997763,-0.22223437699184567,0.0,-0.005158127374975537,0.23309479373992384,-0.972447513873034,0.0,8.512007771111112,-3.5296460444444437,-1.4896659582222216,1.0,4.08
0.9464776686408903,0.31425139356452353,0.07375933522507874,0.0,0.3227818117228274,-0.919595213062006,-0.223989709087971,0.0,-0.0025603151352501107,0.2358076451377195,-0.9718036621736519,0.0,8.540754544444445,-3.5573537777777773,-1.5197288488888887,1.0,4.12
0.9465042495807953,0.3134284492378626,0.07685614760610693,0.0,0.3227143269993099,-0.9192098214416421,-0.22566307828569346,0.0,-8.228972783402312e-05,0.23839181219562833,-0.9711764460787665,0.0,8.568173317777779,-3.5837815111111095,-1.5484029395555554,1.0,4.16
0.9465221678807606,0.31263770608502744,0.07980097755185629,0.0,0.322654060723351,-0.9188389259461606,-0.22725458785958483,0.0,0.0022758868062894297,0.24084773989070846,-0.9705677328770799,0.0,8.59426409111111,-3.608929244444443,-1.5756882302222217,1.0,4.2
0.946532521569678,0.3118803130875418,0.08259408902006472,0.0,0.3226004253921673,-0.9184831516143148,-0.22876434106410304,0.0,0.004514162793187637,0.24317585936182007,-0.9699792976855302,0.0,8.619026864444445,-3.632796977777777,-1.601584720888889,1.0,4.24
0.9465363529046624,0.31115735858621824,0.08523574084690198,0.0,0.3225528632009892,-0.918143090663679,-0.23019244038880543,0.0,0.006632495830616642,0.24537658674941448,-0.9694128236613965,0.0,8.642461637777778,-3.6553847111111106,-1.6260924115555553,1.0,4.28
0.9465346483285688,0.3104698705942492,0.08772618543795156,0.0,0.32251084608817576,-0.9178193026347929,-0.23153898685214047,0.0,0.008630851748060433,0.24745032209719628,-0.968869902215276,0.0,8.664568411111112,-3.6766924444444444,-1.6492113022222221,1.0,4.32
0.9465283384362594,0.30981881710027237,0.09006566753098642,0.0,0.3224738757744467,-0.9175123145312533,-0.23280407933374178,0.0,0.010509203622266693,0.24939744831526137,-0.9683520332230982,0.0,8.685347184444446,-3.696720177777777,-1.6709413928888885,1.0,4.36
0.9465182979485561,0.30920510636027765,0.09225442303032483,0.0,0.3224414837968014,-0.9172226209551446,-0.2339878139451462,0.0,0.012267530848363387,0.25121833020432505,-0.9678606252354354,0.0,8.704797957777778,-3.715467911111111,-1.6912826835555554,1.0,4.4
0.946505345692863,0.308629587177294,0.09429267791254338,0.0,0.3224132315376659,-0.9169506842372266,-0.2350902834388524,0.0,0.013905818266621739,0.25291331354066204,-0.9673969956824754,0.0,8.722920731111111,-3.732935644444444,-1.7102351742222224,1.0,4.44
0.9464902445895153,0.3080930491678605,0.09618064720333515,0.0,0.3223887102497742,-0.916696934561337,-0.23611157665563876,0.0,0.015424055344920752,0.2544827242213979,-0.9669623710731172,0.0,8.739715504444446,-3.749123377777777,-1.7277988648888885,1.0,4.48
0.946473701642962,0.3075962230143512,0.09791853402529536,0.0,0.32236754107726023,-0.9164617700825078,-0.23705177801005553,0.0,0.016822235416952602,0.25592686746979987,-0.9665578871867562,0.0,8.755182277777777,-3.76403111111111,-1.7439737555555554,1.0,4.5200000000000005
0.9464563679369588,0.30713978070229003,0.09950652871643059,0.0,0.32234937507340267,-0.9162455570383197,-0.2379109670140104,0.0,0.018100354976205598,0.25724602710023897,-0.9661845892564187,0.0,8.769321051111111,-3.777658844444444,-1.7587598462222225,1.0,4.5600000000000005
0.9464388386329998,0.30672433574185753,0.10094480801919016,0.0,0.32233389321543404,-0.9160486298530635,-0.238689217838366,0.0,0.019258413025743704,0.2584404648425065,-0.9658434321420137,0.0,8.782131824444445,-3.7900065777777776,-1.7721571368888887,1.0,4.6000000000000005
0.9464216529712837,0.3063504433728549,0.10223353433983003,0.0,0.32232080641679256,-0.9158712912343088,-0.23938659891247221,0.0,0.02029641048380321,0.25951041972519195,-0.9655352804925595,0.0,8.793614597777779,-3.80107431111111,-1.7841656275555557,1.0,4.64
0.9464052942735699,0.30601860075245707,0.10337285507792872,0.0,0.3223098555371611,-0.915713812261512,-0.24000317256155973,0.0,0.02121434964521568,0.26045610751784803,-0.9652609088963487,0.0,8.803769371111112,-3.8108620444444434,-1.794785318222222,1.0,4.68
0.9463901899473355,0.30572924712514915,0.10436290202589113,0.0,0.32230081139061023,-0.9155764324663395,-0.24053899468192555,0.0,0.022012233698664584,0.26127772023169193,-0.9650210020181105,0.0,8.812596144444445,-3.819369777777777,-1.8040162088888891,1.0,4.72
0.9463767114907126,0.3054827639743043,0.1052037908382836,0.0,0.3222934747521221,-0.9154593599044047,-0.24099411445384636,0.0,0.02269006629977829,0.2619754256786138,-0.9648161547223284,0.0,8.82009491777778,-3.826597511111111,-1.8118582995555554,1.0,4.76
0.9463878758827031,0.3056861896600034,0.10450995806342528,0.0,0.3222995054806057,-0.9155559844806055,-0.2406185852387556,0.0,0.02213076386091969,0.261399744412308,-0.9649852498560032,0.0,8.813907421481481,-3.8206336592592582,-1.8053875202962963,1.0,4.8
0.94637464567475,0.3054458668973661,0.10532947226356731,0.0,0.32229240542985776,-0.915441831140697,-0.2410621396797937,0.0,0.022791389225746698,0.26207969667553627,-0.9647854521209496,0.0,8.82121584814815,-3.8276779259259253,-1.8130305496296302,1.0,4.84
0.9463632981761735,0.30524703010175586,0.10600589564532241,0.0,0.3222867719601538,-0.9153473529070159,-0.24142826290219693,0.0,0.023336768994198114,0.262640844013179,-0.9646198268189159,0.0,8.827249394814817,-3.833493392592592,-1.8193403309629632,1.0,4.88
0.9463534510082408,0.30507939839814474,0.10657502860287202,0.0,0.32228219107047323,-0.9152676804282002,-0.24173632450832724,0.0,0.023795715595109693,0.2631129277095766,-0.9644799721870514,0.0,8.832326781481482,-3.8383872592592585,-1.8246501762962968,1.0,4.92
0.9463446169289486,0.3049325833371341,0.10707263849412291,0.0,0.3222783050020322,-0.9151978856753383,-0.24200568000734102,0.0,0.024197040112316864,0.26352564135553425,-0.9643573186339607,0.0,8.836766728148149,-3.842666725925926,-1.8292933976296304,1.0,4.96
