Xx,Xy,Xz,0,Yx,Yy,Yz,0,Zx,Zy,Zz,0,Px,Py,Pz,1,time
0.8719955222473857,0.3467958666117209,-0.3454800082226675,0.0,0.3695505303171277,-0.9292106357238544,-1.1492405318404507e-16,0.0,-0.3210236980704674,-0.12767232025265232,-0.9384261099939971,0.0,4.85,0.0,2.34,1.0,0.0
0.8727911283506338,0.3470544352269626,-0.343203825367291,0.0,0.3690889064349222,-0.9293933153951084,-0.0012020526539448758,0.0,-0.3193885187418632,-0.125623583666457,-0.9392601821687617,0.0,4.870749999999999,-0.019999999999999997,2.3183,1.0,0.04
0.8735827433140586,0.34730802637158614,-0.3409256918183591,0.0,0.3686293678655968,-0.9295733460048691,-0.0024053033904827058,0.0,-0.3177508169477589,-0.12357399060991087,-0.9400871710186454,0.0,4.8915,-0.039999999999999994,2.2965999999999998,1.0,0.08
0.8743703611458898,0.3475566381261482,-0.33864562481917104,0.0,0.36817191808742034,-0.9297507261904764,-0.003609743102152467,0.0,-0.316110605083996,-0.12152355659647972,-0.9409070702841308,0.0,4.912249999999999,-0.059999999999999984,2.2748999999999997,1.0,0.12
0.8751539758846109,0.3478002686088948,-0.3363636416276609,0.0,0.3677165605628518,-0.9299254546093315,-0.004815362672493575,0.0,-0.3144678955654149,-0.1194722971459946,-0.9417198737593622,0.0,4.933,-0.07999999999999999,2.2531999999999996,1.0,0.16
0.8759335815990053,0.3480389159757754,-0.3340797595162662,0.0,0.36726329873851343,-0.9300975299389068,-0.006022152976115076,0.0,-0.31282270082576086,-0.11742022778453433,-0.9425255752921918,0.0,4.953749999999999,-0.09999999999999999,2.2315,1.0,0.2
0.8767091723882008,0.348272578420457,-0.33179399577179763,0.0,0.36681213604516527,-0.9302669508767559,-0.007230104878764637,0.0,-0.3111750333175899,-0.11536736404430797,-0.9433241687842272,0.0,4.9745,-0.11999999999999997,2.2098,1.0,0.24
0.8774807423817146,0.34850125417433747,-0.32950636769530783,0.0,0.3663630758976789,-0.930433716140524,-0.008439209237397794,0.0,-0.30952490551217443,-0.11331372146353726,-0.9441156481908765,0.0,4.9952499999999995,-0.14,2.1881,1.0,0.28
0.878248285739497,0.34872494150655947,-0.32721689260196096,0.0,0.3659161216950114,-0.9305978244679568,-0.00964945690024701,0.0,-0.3078723298994092,-0.11125931558633907,-0.9449000075213955,0.0,5.016,-0.15999999999999998,2.1664,1.0,0.32
0.8790117966519767,0.34894363872402306,-0.32492558782090125,0.0,0.3654712768201804,-0.930759274616911,-0.010860838706891076,0.0,-0.3062173189877163,-0.10920416196260765,-0.9456772408389313,0.0,5.03675,-0.17999999999999997,2.1447,1.0,0.36
0.8797712693401036,0.3491573441713986,-0.32263247069512163,0.0,0.3650285446402373,-0.9309180653653625,-0.01207334548832441,0.0,-0.30455988530395084,-0.107148276147897,-0.9464473422605688,0.0,5.0575,-0.19999999999999998,2.1229999999999998,1.0,0.4
0.8805266980553935,0.34936605623113975,-0.32033755858133317,0.0,0.36458792850624283,-0.9310741955114169,-0.013286968067026377,0.0,-0.302900041393306,-0.10509167370330312,-0.9472103059573743,0.0,5.07825,-0.22,2.1012999999999997,1.0,0.44
0.8812780770799711,0.34956977332349515,-0.318040868849833,0.0,0.36414943175324116,-0.9312276638733178,-0.014501697257030906,0.0,-0.30123779981921794,-0.10303437019534614,-0.9479661261544395,0.0,5.098999999999999,-0.23999999999999994,2.0796,1.0,0.48
0.8820254007266134,0.34976849390652054,-0.3157424188843733,0.0,0.36371305770023454,-0.931378469289456,-0.015717523863995844,0.0,-0.29957317316327114,-0.1009763811958527,-0.9487147971309264,0.0,5.11975,-0.25999999999999995,2.0579,1.0,0.52
0.8827686633387927,0.34996221647609044,-0.3134422260820294,0.0,0.3632788096501589,-0.931526610618378,-0.016934438685272717,0.0,-0.29790617402510244,-0.0989177222818378,-0.949456313220109,0.0,5.140499999999999,-0.28,2.0362,1.0,0.56
0.8835078592907194,0.35015093956590976,-0.31114030785306834,0.0,0.36284669088985777,-0.9316720867387955,-0.01815243250997625,0.0,-0.2962368150223066,-0.09685840903538723,-0.9501906688094175,0.0,5.16125,-0.2999999999999999,2.0145,1.0,0.6
0.8842429829873848,0.3503346617475247,-0.30883668162081696,0.0,0.36241670469005854,-0.9318148965495929,-0.019371496119054157,0.0,-0.2945651087903399,-0.09479845704353931,-0.95091785834048,0.0,5.1819999999999995,-0.31999999999999995,1.9928,1.0,0.64
0.8849740288646034,0.3505133816303332,-0.30653136482153,0.0,0.3619888543053467,-0.9319550389698358,-0.02059162028535693,0.0,-0.29289106798242515,-0.09273788189816713,-0.9516378763091649,0.0,5.20275,-0.33999999999999997,1.9710999999999999,1.0,0.68
0.8857009913890543,0.3506870978615963,-0.30422437490425835,0.0,0.36156314297414194,-0.9320925129387799,-0.02181279577370761,0.0,-0.29121470526945564,-0.09067669919586042,-0.9523507172656224,0.0,5.2235,-0.35999999999999993,1.9493999999999998,1.0,0.72
0.8864238650583246,0.3508558091264476,-0.30191572933071664,0.0,0.3611395739186732,-0.932227317415878,-0.023035013340971775,0.0,-0.2895360333398991,-0.08861492453780755,-0.9530563758143259,0.0,5.24425,-0.3799999999999999,1.9277,1.0,0.76
0.8871426444009494,0.3510195141479037,-0.2996054455751513,0.0,0.3607181503449546,-0.932359451380789,-0.024258263736127435,0.0,-0.28785506489970203,-0.08655257352967742,-0.9537548466141129,0.0,5.265,-0.39999999999999997,1.906,1.0,0.8
0.8878573239764541,0.35117821168687374,-0.29729354112420825,0.0,0.3602988754427606,-0.9324889138333848,-0.025482537700335053,0.0,-0.28617181267219327,-0.08448966178150141,-0.9544461243782254,0.0,5.28575,-0.41999999999999993,1.8842999999999999,1.0,0.84
0.8885678983753957,0.3513319005421683,-0.2949800334768005,0.0,0.35988175238560294,-0.9326157037937576,-0.0267078259670077,0.0,-0.2844862893979877,-0.08242620490755508,-0.9551302038743494,0.0,5.3065,-0.44,1.8625999999999998,1.0,0.88
0.8892743622194034,0.3514805795505096,-0.2926649401439757,0.0,0.3594667843307054,-0.9327398203022287,-0.02793411926188111,0.0,-0.2827985078348899,-0.08036221852624013,-0.9558070799246552,0.0,5.32725,-0.45999999999999996,1.8409,1.0,0.92
0.889976710161219,0.35162424758653904,-0.29034827864878376,0.0,0.3590539744189806,-0.9328612624193542,-0.029161408303083957,0.0,-0.2811084807577976,-0.07829771825996609,-0.9564767474058363,0.0,5.348,-0.47999999999999987,1.8192,1.0,0.96
0.8906749368847384,0.3517629035628266,-0.28803006652614405,0.0,0.3586433257750061,-0.932980029225933,-0.030389683801207986,0.0,-0.27941622095860474,-0.07623271973503216,-0.9571392012491483,0.0,5.3687499999999995,-0.4999999999999999,1.7974999999999999,1.0,1.0
0.8913690371050508,0.3518965464298787,-0.2857103213227125,0.0,0.3582348415070007,-0.9330961198230137,-0.03161893645937846,0.0,-0.2777217412461051,-0.07416723858150885,-0.9577944364404469,0.0,5.3895,-0.5199999999999999,1.7757999999999998,1.0,1.04
0.8920590055684787,0.3520251751761462,-0.2833890605967492,0.0,0.3578285247068011,-0.9332095333319012,-0.03284915697332449,0.0,-0.27602505444589487,-0.07210129043311968,-0.9584424480202263,0.0,5.41025,-0.5399999999999999,1.7540999999999998,1.0,1.08
0.892744837052619,0.35214878882803213,-0.28106630191798526,0.0,0.3574243784498379,-0.9333202688941631,-0.034080336031449346,0.0,-0.2743261734002759,-0.07003489092712292,-0.9590832310836565,0.0,5.431,-0.56,1.7323999999999997,1.0,1.12
0.8934265263663808,0.3522673864498989,-0.27874206286749,0.0,0.35702240579511324,-0.9334283256716369,-0.03531246431490117,0.0,-0.27262511096815834,-0.06796805570419319,-0.9597167807806205,0.0,5.45175,-0.5799999999999997,1.7107,1.0,1.16
0.8941040683500259,0.35238096714407574,-0.2764163610375374,0.0,0.35662260978517696,-0.9335337028464359,-0.03654553249764326,0.0,-0.2709218800249634,-0.06590080040830304,-0.960343092315751,0.0,5.4725,-0.5999999999999998,1.689,1.0,1.2
0.8947774578752071,0.3524895300508648,-0.27408921403147357,0.0,0.3562249934461037,-0.9336363996209551,-0.037779531246524826,0.0,-0.2692164934625258,-0.06383314068660458,-0.9609621609484666,0.0,5.49325,-0.6199999999999998,1.6673,1.0,1.24
0.8954466898450077,0.35259307434854853,-0.2717606394635832,0.0,0.35582955978747016,-0.933736415217878,-0.039014451221351554,0.0,-0.26750896418899633,-0.061765092189311054,-0.961573981993008,0.0,5.513999999999999,-0.6399999999999999,1.6456,1.0,1.28
0.8961117591939798,0.3526915992533952,-0.2694306549589562,0.0,0.3554363118023322,-0.9338337488801817,-0.040250283074956344,0.0,-0.26579930512874395,-0.05969667056957836,-0.962178550818473,0.0,5.53475,-0.6599999999999999,1.6239,1.0,1.32
0.8967726608881822,0.3527851040196654,-0.2670992781533543,0.0,0.3550452524672023,-0.9339283998711433,-0.041487017453270034,0.0,-0.2640875292222582,-0.057627891483386574,-0.9627758628488519,0.0,5.5555,-0.6799999999999999,1.6021999999999998,1.0,1.36
0.8974293899252188,0.3528735879396169,-0.2647665266930778,0.0,0.35465638474202693,-0.9340203674743449,-0.04272464499539223,0.0,-0.2623736494260509,-0.055558770589421436,-0.9633659135630617,0.0,5.57625,-0.6999999999999998,1.5804999999999998,1.0,1.4000000000000001
0.8980819413342771,0.35295705034351094,-0.26243241823483165,0.0,0.3542697115701639,-0.9341096509936795,-0.04396315633366209,0.0,-0.2606576787125587,-0.0534893235489559,-0.9639486984949812,0.0,5.5969999999999995,-0.7199999999999999,1.5588,1.0,1.44
0.898730310176165,0.35303549059961664,-0.26009697044559205,0.0,0.35388523587836074,-0.934196249753356,-0.045202542093729356,0.0,-0.258939630070044,-0.05141956602573147,-0.9645242132334839,0.0,5.61775,-0.7399999999999999,1.5371,1.0,1.48
0.8993744915433478,0.3531089081142159,-0.25776020100247254,0.0,0.3535029605767318,-0.9342801630979042,-0.04644279289462518,0.0,-0.2572195165024976,-0.049349513685839716,-0.9650924534224717,0.0,5.6385,-0.7599999999999998,1.5154,1.0,1.52
0.9000144805599872,0.3531773023316083,-0.2554221275925906,0.0,0.35312288855873686,-0.93436139039218,-0.047683899348833145,0.0,-0.2554973510295396,-0.047279182197603783,-0.9656534147609083,0.0,5.65925,-0.78,1.4937,1.0,1.56
0.9006502723819761,0.35324067273411475,-0.25308276791293327,0.0,0.3527450227011588,-0.9344399310213704,-0.04892585206236045,0.0,-0.253773146686321,-0.04520858723145956,-0.9662070930028508,0.0,5.68,-0.7999999999999999,1.472,1.0,1.6
0.9012818621969764,0.3532990188420817,-0.2507421396702235,0.0,0.35236936586408196,-0.9345157843909977,-0.0501686416348088,0.0,-0.25204691652342526,-0.04313774445983734,-0.9667534839574827,0.0,5.70075,-0.8199999999999998,1.4503,1.0,1.6400000000000001
0.9019092452244553,0.3533523402138846,-0.24840026058078607,0.0,0.35199592089087056,-0.934588949926924,-0.0514122586594458,0.0,-0.2503186736067693,-0.04106666955704298,-0.9672925834891452,0.0,5.7215,-0.8399999999999999,1.4285999999999999,1.0,1.68
0.9025324167157214,0.3534006364459318,-0.2460571483704134,0.0,0.35162469060814705,-0.9346594270753561,-0.05265669372327591,0.0,-0.2485884310175047,-0.03899537819913938,-0.967824387517369,0.0,5.74225,-0.8599999999999999,1.4068999999999998,1.0,1.72
0.9031513719539603,0.3534439071726666,-0.24371282077423148,0.0,0.3512556778257708,-0.9347272153028491,-0.05390193740711191,0.0,-0.24685620185191853,-0.03692388606382781,-0.9683488920169043,0.0,5.763,-0.88,1.3851999999999998,1.0,1.76
0.9037661062542709,0.35348215206657085,-0.2413672955365657,0.0,0.35088888533681684,-0.9347923140963108,-0.055147980285646055,0.0,-0.24512199922133449,-0.03485220883032921,-0.968866093017752,0.0,5.7837499999999995,-0.8999999999999999,1.3635,1.0,1.8
0.9043766149637005,0.3535153708381673,-0.2390205904108064,0.0,0.3505243159175548,-0.9348547229630053,-0.056394812927521444,0.0,-0.24338583625201354,-0.03278036217926558,-0.9693759866051935,0.0,5.8045,-0.9199999999999999,1.3417999999999999,1.0,1.84
0.9049828934612804,0.3535435632360214,-0.23667272315927446,0.0,0.3501619723274276,-0.934914441430557,-0.05764242589540345,0.0,-0.2416477260850544,-0.030708361792541175,-0.9698785689198204,0.0,5.82525,-0.9399999999999998,1.3201,1.0,1.8800000000000001
0.9055849371580594,0.3535667290467436,-0.2343237115530871,0.0,0.3498018573090307,-0.934971469046954,-0.05889080974605112,0.0,-0.23990768187629427,-0.028636223353223973,-0.9703738361575636,0.0,5.846,-0.9599999999999997,1.2984,1.0,1.92
0.9061827414971416,0.35358486809499073,-0.23197357337202304,0.0,0.3494439735880918,-0.9350258053805517,-0.06013995503038863,0.0,-0.23816571679620932,-0.026563962545426784,-0.9708617845697223,0.0,5.86675,-0.9799999999999998,1.2767,1.0,1.96
0.9067763019537175,0.35359798024346767,-0.22962232640438848,0.0,0.34908832387344935,-0.9350774500200758,-0.06138985229357682,0.0,-0.23642184402981478,-0.02449159505418874,-0.971342410462992,0.0,5.8875,-0.9999999999999998,1.255,1.0,2.0
0.9073656140351001,0.35360606539292777,-0.2272699884468814,0.0,0.34873491085703273,-0.9351264025746255,-0.06264049207508485,0.0,-0.23467607677656516,-0.022419136565356306,-0.9718157101994928,0.0,5.90825,-1.0199999999999998,1.2332999999999998,1.0,2.04
0.907950673280759,0.35360912348217427,-0.2249165773044582,0.0,0.3483837372138417,-0.9351726626736767,-0.06389186490876159,0.0,-0.2329284282502547,-0.020346602765464933,-0.9722816801967971,0.0,5.929,-1.0399999999999998,1.2115999999999998,1.0,2.08
0.9085314752623529,0.35360715448806024,-0.22256211079019791,0.0,0.3480348056019259,-0.9352162299670845,-0.06514396132290753,0.0,-0.23117891167891672,-0.01827400934161988,-0.9727403169279557,0.0,5.94975,-1.0599999999999998,1.1898999999999997,1.0,2.12
0.909108015583765,0.3536001584254892,-0.22020660672516787,0.0,0.3476881186623651,-0.9352571041250861,-0.06639677184034627,0.0,-0.22942754030472423,-0.016201371981377877,-0.973191616921526,0.0,5.9704999999999995,-1.0799999999999998,1.1682,1.0,2.16
0.9096802898811339,0.35358813534741457,-0.21785008293828842,0.0,0.3473436790192489,-0.9352952848383032,-0.06765028697849636,0.0,-0.22767432738388904,-0.014128706372628077,-0.9736355767615973,0.0,5.99125,-1.0999999999999999,1.1464999999999999,1.0,2.2
0.9102482938228894,0.3535710853448397,-0.21549255726619873,0.0,0.3470014892796571,-0.9353307718177438,-0.068904497249443,0.0,-0.22591928618656187,-0.012056028203473582,-0.9740721930878168,0.0,6.0120000000000005,-1.12,1.1247999999999998,1.0,2.24
0.9108120231097826,0.35354900854681676,-0.21313404755312082,0.0,0.3466615520336399,-0.9353635647948056,-0.07015939316001,0.0,-0.22416242999673167,-0.009983353162112414,-0.9745014625954147,0.0,6.03275,-1.1399999999999997,1.1031000000000002,1.0,2.2800000000000002
0.9113714734749203,0.3535219051204461,-0.21077457165072513,0.0,0.3463238698541983,-0.9353936635212772,-0.0714149652118314,0.0,-0.2224037721121253,-0.007910696936719024,-0.9749233820352304,0.0,6.0535,-1.1599999999999995,1.0814000000000001,1.0,2.32
0.9119266406837966,0.35348977527087494,-0.20841414741799516,0.0,0.3459884452972644,-0.9354210677693395,-0.07267120390142358,0.0,-0.2206433258441065,-0.005838075215325426,-0.9753379482137359,0.0,6.074249999999999,-1.1799999999999997,1.0597,1.0,2.36
0.9124775205343247,0.35345261924129545,-0.2060527927210926,0.0,0.3456552809016824,-0.9354457773315686,-0.07392809972025709,0.0,-0.21888110451757561,-0.0037655036857024995,-0.9757451579930602,0.0,6.095000000000001,-1.1999999999999995,1.038,1.0,2.4
0.9130241088568691,0.3534104373129433,-0.20369052543322153,0.0,0.34532437918918923,-0.9354677920209368,-0.07518564315482863,0.0,-0.21711712147086817,-0.0016929980352410744,-0.9761450082910132,0.0,6.11575,-1.2199999999999998,1.0163,1.0,2.44
0.9135664015142776,0.3533632298050957,-0.2013273634344938,0.0,0.3449957426643954,-0.9354871116708137,-0.07644382468673305,0.0,-0.21535139005565465,0.0003794260491664355,-0.9765374960811098,0.0,6.1365,-1.2399999999999995,0.9946000000000002,1.0,2.48
0.9141043944019115,0.3533109970750684,-0.1989633246117931,0.0,0.34466937381476626,-0.9355037361349681,-0.07770263479273548,0.0,-0.21358392363683867,0.0024517528812451938,-0.9769226183925913,0.0,6.15725,-1.2599999999999998,0.9728999999999999,1.0,2.52
0.9146380834476772,0.35325373951821337,-0.19659842685864004,0.0,0.3443452751106028,-0.9355176652875686,-0.07896206394484326,0.0,-0.2118147355924563,0.004523966775456318,-0.977300372310449,0.0,6.178,-1.2799999999999998,0.9512,1.0,2.56
0.9151674646120578,0.35319145756791576,-0.19423268807505642,0.0,0.3440234490050234,-0.9355288990231849,-0.08022210261037815,0.0,-0.21004383931357484,0.006596052047115885,-0.9776707549754455,0.0,6.19875,-1.2999999999999998,0.9294999999999998,1.0,2.6
0.915692533888142,0.3531241516955904,-0.1918661261674298,0.0,0.34370389793394474,-0.9355374372567882,-0.08148274125204855,0.0,-0.2082712482041909,0.00866799301251345,-0.9780337635841373,0.0,6.2195,-1.3199999999999998,0.9077999999999999,1.0,2.64
0.9162132873016562,0.35305182241067884,-0.18949875904837804,0.0,0.34338662431606404,-0.9355432799237522,-0.08274397032802151,0.0,-0.20649697568112968,0.010739773989030832,-0.9783893953888952,0.0,6.24025,-1.3399999999999999,0.8860999999999999,1.0,2.68
0.9167297209109933,0.35297447026064466,-0.18713060463661368,0.0,0.34307163055284007,-0.9355464269798536,-0.08400578029199518,0.0,-0.204721035173943,0.012811379295260807,-0.9787376476979255,0.0,6.261,-1.3599999999999999,0.8643999999999998,1.0,2.72
0.9172418308072432,0.35289209583097,-0.1847616808568085,0.0,0.3427589190284754,-0.935546878401272,-0.08526816159327077,0.0,-0.20294344012480767,0.014882793251125872,-0.9790785178752901,0.0,6.281750000000001,-1.3799999999999997,0.8427000000000002,1.0,2.7600000000000002
0.917749613114222,0.3528046997451508,-0.18239200563945732,0.0,0.3424484921098981,-0.9355446341845909,-0.0865311046768252,0.0,-0.20116420398842388,0.016954000177996788,-0.9794120033409267,0.0,6.3025,-1.3999999999999997,0.821,1.0,2.8000000000000003
0.9182530639885019,0.3527122826646919,-0.18002159692074285,0.0,0.34214035214674415,-0.9355396943467965,-0.08779459998338313,0.0,-0.19938334023191318,0.019024984398811395,-0.979738101570668,0.0,6.32325,-1.42,0.7993000000000001,1.0,2.84
0.9187521796194394,0.35261484528910275,-0.17765047264239966,0.0,0.3418345014713393,-0.9355320589252788,-0.08905863794948939,0.0,-0.1976008623347167,0.02109573023819311,-0.9800568100962614,0.0,6.344,-1.4399999999999997,0.7776000000000001,1.0,2.88
0.9192469562292049,0.3525123883558914,-0.17527865075157845,0.0,0.34153094239868165,-0.9355217279778308,-0.09032320900758144,0.0,-0.19581678378849318,0.023166222022569787,-0.9803681265053874,0.0,6.36475,-1.46,0.7559,1.0,2.92
0.9197373900728114,0.3524049126405589,-0.17290614920071015,0.0,0.3412296772264241,-0.9355087015826477,-0.09158830358606179,0.0,-0.19403111809701662,0.025236444080292148,-0.9806720484416771,0.0,6.3855,-1.4799999999999998,0.7342,1.0,2.96
0.9202234774381419,0.3522924189565943,-0.17053298594737,0.0,0.3409307082348568,-0.9354929798383272,-0.09285391210937029,0.0,-0.19224387877607424,0.027306380741752498,-0.9809685736047313,0.0,6.40625,-1.5,0.7124999999999999,1.0,3.0
0.9207052146459784,0.35217490815546737,-0.16815917895414187,0.0,0.34063403768689005,-0.9354745628638677,-0.09412002499805681,0.0,-0.19045507935336412,0.029376016339503364,-0.9812576997501373,0.0,6.4270000000000005,-1.5199999999999996,0.6908000000000001,1.0,3.04
0.9211825980500294,0.35205238112662296,-0.16578474618848196,0.0,0.340339667828037,-0.9354534507986679,-0.0953866326688536,0.0,-0.18866473336839285,0.03144533520837604,-0.9815394246894856,0.0,6.44775,-1.54,0.6691,1.0,3.08
0.9216556240369578,0.3519248387974739,-0.16340970562258303,0.0,0.3400476008863971,-0.9354296438025266,-0.09665372553474792,0.0,-0.186872854372373,0.03351432168559904,-0.9818137462903869,0.0,6.468500000000001,-1.56,0.6474,1.0,3.12
0.9221242890264074,0.351792282133394,-0.16103407523323834,0.0,0.3397578390726385,-0.9354031420556396,-0.09792129400505452,0.0,-0.1850794559281206,0.03558296011091695,-0.9820806624764884,0.0,6.48925,-1.58,0.6256999999999999,1.0,3.16
0.9225885894710313,0.35165471213771077,-0.15865787300170558,0.0,0.339470384579982,-0.9353739457586,-0.09918932848548834,0.0,-0.18328455160995244,0.03765123482670863,-0.9823401712274886,0.0,6.51,-1.5999999999999999,0.6039999999999999,1.0,3.2
0.9230485218565175,0.35151212985169816,-0.1562811169135706,0.0,0.3391852395841843,-0.935342055132396,-0.10045781937823697,0.0,-0.1814881550035833,0.03971913017810595,-0.982592270579154,0.0,6.53075,-1.62,0.5822999999999998,1.0,3.24
0.9235040827016163,0.3513645363545679,-0.15390382495861155,0.0,0.33890240624352097,-0.9353074704184092,-0.10172675708203355,0.0,-0.17969027970602322,0.041786630513112155,-0.9828369586233326,0.0,6.5515,-1.6399999999999997,0.5606000000000002,1.0,3.2800000000000002
0.9239552685581661,0.35121193276346224,-0.15152601513066244,0.0,0.3386218866987709,-0.935270191878413,-0.10299613199222912,0.0,-0.17789093932547445,0.04385372018272047,-0.9830742335079692,0.0,6.57225,-1.6599999999999997,0.5388999999999999,1.0,3.3200000000000003
0.9244020760111206,0.35105432023344496,-0.1491477054274773,0.0,0.3383436830731997,-0.9352302197945702,-0.10426593450086558,0.0,-0.17609014748122873,0.04592038354103232,-0.9833040934371191,0.0,6.593,-1.6799999999999997,0.5172000000000001,1.0,3.36
0.9248445016785727,0.3508916999574926,-0.1467689138505936,0.0,0.3380677974725435,-0.9351875544694315,-0.10553615499674829,0.0,-0.17428791780356356,0.04798660494537605,-0.9835265366709618,0.0,6.61375,-1.6999999999999997,0.4955000000000003,1.0,3.4
0.9252825422117821,0.35072407316648563,-0.14438965840519613,0.0,0.33779423198499353,-0.9351421962259328,-0.10680678386551884,0.0,-0.17248426393364005,0.05005236875642512,-0.9837415615258138,0.0,6.634500000000001,-1.7199999999999998,0.4738,1.0,3.44
0.9257161942951994,0.35055144112919917,-0.14200995709998077,0.0,0.3375229886811796,-0.9350941454073928,-0.10807781148972788,0.0,-0.17067919952339858,0.05211765933831653,-0.9839491663741423,0.0,6.6552500000000006,-1.7399999999999998,0.45210000000000017,1.0,3.48
0.9261454546464917,0.35037380515229305,-0.139629827947018,0.0,0.3372540696141551,-0.9350434023775102,-0.10934922824890776,0.0,-0.16887273823545623,0.05418246105876915,-0.9841493496445761,0.0,6.676,-1.76,0.4303999999999999,1.0,3.52
0.9265703200165673,0.35019116658030236,-0.13724928896161695,0.0,0.3369874768193809,-0.9349899675203613,-0.11062102451964552,0.0,-0.16706489374300307,0.05624675828920212,-0.9843421098219187,0.0,6.69675,-1.7799999999999996,0.40870000000000006,1.0,3.56
0.9269907871896002,0.350003526795627,-0.1348683581621886,0.0,0.33672321231471053,-0.9349338412403976,-0.11189319067565569,0.0,-0.1652556797296987,0.05831053540485306,-0.9845274454471595,0.0,6.7175,-1.7999999999999998,0.387,1.0,3.6
0.9274068529830549,0.3498108872185212,-0.13248705357010956,0.0,0.33646127810037424,-0.9348750239624409,-0.11316571708785302,0.0,-0.16344510988956865,0.06037377678489637,-0.9847053551174844,0.0,6.73825,-1.8199999999999998,0.36529999999999996,1.0,3.64
0.9278185142477099,0.3496132493070832,-0.13010539320958592,0.0,0.3362016761589644,-0.9348135161316822,-0.11443859412442554,0.0,-0.16163319792690087,0.06243646681256138,-0.9848758374862867,0.0,6.759,-1.8399999999999999,0.3435999999999999,1.0,3.68
0.9282257678676817,0.3494106145572434,-0.12772339510751635,0.0,0.3359444084554203,-0.9347493182136772,-0.11571181215090737,0.0,-0.1598199575561418,0.06449858987525078,-0.9850388912631776,0.0,6.779750000000001,-1.8599999999999999,0.32189999999999985,1.0,3.72
0.9286286107604487,0.3492029845027537,-0.12534107729335606,0.0,0.3356894769370132,-0.9346824306943429,-0.11698536153025167,0.0,-0.15800540250179274,0.0665601303646585,-0.985194515213995,0.0,6.8005,-1.8799999999999997,0.30020000000000024,1.0,3.7600000000000002
0.929027039876874,0.34899036071517586,-0.1229584577989801,0.0,0.3354368835333317,-0.9346128540799541,-0.11825923262290351,0.0,-0.1561895464983058,0.0686210726768881,-0.9853427081608144,0.0,6.82125,-1.8999999999999997,0.2785000000000002,1.0,3.8000000000000003
0.9294210522012292,0.3487727448038691,-0.1205755546585469,0.0,0.33518663015626704,-0.9345405888971392,-0.11953341578687304,0.0,-0.15437240328998,0.07068140121257081,-0.985483468981956,0.0,6.8420000000000005,-1.9199999999999995,0.25680000000000014,1.0,3.84
0.9298106447512164,0.3485501384159784,-0.118192385908362,0.0,0.33493871869999886,-0.9344656356928771,-0.12080790137780818,0.0,-0.15255398663085756,0.0727411003769833,-0.9856167966119951,0.0,6.86275,-1.9399999999999997,0.2351000000000001,1.0,3.88
0.9301958145779915,0.34832254323642214,-0.11580896958674107,0.0,0.3346931510409805,-0.9343879950344919,-0.12208267974906786,0.0,-0.1507343102846191,0.07480015458016637,-0.985742690041768,0.0,6.8835,-1.9599999999999995,0.21340000000000003,1.0,3.92
0.930576558766186,0.3480899609878789,-0.11342532373387403,0.0,0.3344499290379252,-0.9343076675096496,-0.12335774125179483,0.0,-0.1489133880244803,0.07685854823704216,-0.985861148318382,0.0,6.90425,-1.9799999999999995,0.19169999999999998,1.0,3.96
0.930952874433929,0.34785239343077434,-0.11104146639168787,0.0,0.33420905453179145,-0.9342246537263528,-0.124633076234989,0.0,-0.1470912336330868,0.07891626576753288,-0.9859721705452206,0.0,6.925000000000001,-1.9999999999999996,0.16999999999999993,1.0,4.0
0.9313247587328701,0.34760984236326864,-0.10865741560371037,0.0,0.3339705293457699,-0.9341389543129366,-0.1259086750455801,0.0,-0.1452678609024105,0.08097329159667815,-0.9860757558819512,0.0,6.94575,-2.0199999999999996,0.14829999999999988,1.0,4.04
0.9316922088481994,0.3473623096212421,-0.10627318941493358,0.0,0.3337343552852687,-0.934050569918064,-0.12718452802850097,0.0,-0.1434432836336451,0.0830296101547531,-0.9861719035445317,0.0,6.9665,-2.0399999999999996,0.12659999999999982,1.0,4.08
0.9320552219986697,0.34710979707828177,-0.10388880587167716,0.0,0.33350053413790043,-0.9339595012107209,-0.12846062552676074,0.0,-0.14161751563710123,0.08508520587738645,-0.986260612805216,0.0,6.98725,-2.0599999999999996,0.10489999999999977,1.0,4.12
0.9324137954366175,0.34685230664566663,-0.10150428302145184,0.0,0.3332690676734683,-0.9338657488802101,-0.12973695788151768,0.0,-0.13979057073210246,0.08714006320567771,-0.9863418829925595,0.0,7.008000000000001,-2.0799999999999996,0.08319999999999972,1.0,4.16
0.9327679264479839,0.3465898402723541,-0.09911963891282254,0.0,0.3330399576439527,-0.9337693136361478,-0.13101351543215245,0.0,-0.13796246274688023,0.08919416658631579,-0.9864157134914244,0.0,7.0287500000000005,-2.0999999999999996,0.06150000000000011,1.0,4.2
0.9331176123523343,0.3463223999449643,-0.09673489159527235,0.0,0.3328132057834984,-0.9336701962084566,-0.13229028851634111,0.0,-0.13613320551846952,0.09124750047169582,-0.9864821037429842,0.0,7.0495,-2.1199999999999997,0.03979999999999961,1.0,4.24
0.9334628505028799,0.34604998768776557,-0.09435005911906519,0.0,0.33258881380840066,-0.9335683973473612,-0.1335672674701285,0.0,-0.1343028128926038,0.09330004932003771,-0.9865410532447279,0.0,7.07025,-2.1399999999999997,0.018100000000000005,1.0,4.28
0.9338036382864972,0.3457726055626592,-0.09196515953510986,0.0,0.3323667834170929,-0.9334639178233817,-0.1348444426280011,0.0,-0.1324712987236107,0.09535179759550295,-0.9865925615504639,0.0,7.091,-2.1599999999999997,-0.0036000000000000476,1.0,4.32
0.9341399731237471,0.34549025566916336,-0.0895802108948229,0.0,0.3321471162901336,-0.9333567584273287,-0.13612180432296034,0.0,-0.13063867687430664,0.09740272976831295,-0.9866366282703236,0.0,7.111750000000001,-2.1799999999999997,-0.0253000000000001,1.0,4.36
0.9344718524688957,0.3452029401443976,-0.08719523124999237,0.0,0.33192981409019345,-0.9332469199702965,-0.13739934288659575,0.0,-0.12880496121589222,0.09945283031486588,-0.9866732530707638,0.0,7.1325,-2.1999999999999997,-0.04700000000000015,1.0,4.4
0.9347992738099328,0.34491066116306657,-0.08481023865264052,0.0,0.331714878462043,-0.9331344032836576,-0.1386770486491582,0.0,-0.12697016562784705,0.10150208371785492,-0.9867024356745697,0.0,7.153250000000001,-2.2199999999999998,-0.0687000000000002,1.0,4.44
0.9351222346685906,0.3446134209374437,-0.08242525115488834,0.0,0.33150231103254013,-0.9330192092190562,-0.1399549119396328,0.0,-0.12513430399782502,0.10355047446638495,-0.9867241758608569,0.0,7.174,-2.24,-0.09040000000000026,1.0,4.48
0.9354407326003635,0.34431122171735395,-0.08004028680881761,0.0,0.33129211341061765,-0.9329013386484014,-0.1412329230858126,0.0,-0.12329739022154848,0.1055979870560906,-0.9867384734650727,0.0,7.19475,-2.2599999999999993,-0.11209999999999987,1.0,4.5200000000000005
0.9357547651945258,0.3440040657901576,-0.0776553636663352,0.0,0.33108428718727106,-0.9327807924638613,-0.14251107241437136,0.0,-0.121459438202704,0.10764460598925324,-0.986745328378998,0.0,7.2155000000000005,-2.2799999999999994,-0.13379999999999947,1.0,4.5600000000000005
0.9360643300741499,0.343691955480732,-0.07527049977903609,0.0,0.330878833935547,-0.9326575715778552,-0.14378935025093706,0.0,-0.11962046185283634,0.10969031577491832,-0.9867447405507477,0.0,7.23625,-2.299999999999999,-0.15549999999999997,1.0,4.6000000000000005
0.9363694248961251,0.343374893151455,-0.07288571319806664,0.0,0.33067575521053055,-0.9325316769230481,-0.14506774692016478,0.0,-0.1177804750912437,0.11173510092901268,-0.9867367099847711,0.0,7.257,-2.319999999999999,-0.17719999999999958,1.0,4.64
0.9366700473511738,0.3430528812021858,-0.07050102197398807,0.0,0.33047505254933424,-0.9324031094523424,-0.14634625274581037,0.0,-0.11593949184487189,0.1137789459744618,-0.9867212367418517,0.0,7.27775,-2.3399999999999994,-0.19890000000000008,1.0,4.68
0.936966195163871,0.3427259220702483,-0.06811644415663996,0.0,0.33027672747108583,-0.9322718701388714,-0.14762485805080336,0.0,-0.1140975260482094,0.11582183544130677,-0.9866983209391076,0.0,7.2985,-2.3599999999999994,-0.22059999999999969,1.0,4.72
0.9372578660926599,0.34239401823041143,-0.06573199779500362,0.0,0.3300807814769171,-0.9321379599759916,-0.1489035531573203,0.0,-0.11225459164318154,0.11786375386682157,-0.9866679627499892,0.0,7.31925,-2.379999999999999,-0.24229999999999974,1.0,4.76
0.9375450579298696,0.34205717219487064,-0.06334770093706486,0.0,0.3298872160499525,-0.9320013799772751,-0.1501823283868581,0.0,-0.11041070257904514,0.11990468579563018,-0.9866301624042791,0.0,7.340000000000001,-2.399999999999999,-0.2639999999999998,1.0,4.8
0.9378277685017318,0.3417153865132296,-0.06096357162967849,0.0,0.32969603265529784,-0.9318621311765026,-0.15146117406030715,0.0,-0.10856587281228286,0.12194461577982312,-0.9865849201880902,0.0,7.36075,-2.4199999999999995,-0.28569999999999984,1.0,4.84
0.9381059956683968,0.34136866377248,-0.0585796279184307,0.0,0.32950723274002913,-0.9317202146276545,-0.15274008049802468,0.0,-0.10672011630649743,0.1239835283790749,-0.9865322364438627,0.0,7.381500000000001,-2.4399999999999995,-0.3073999999999999,1.0,4.88
0.93837973732395,0.34101700659698253,-0.05619588784750319,0.0,0.3293208177331818,-0.9315756314049038,-0.15401903801990804,0.0,-0.1048734470323064,0.12602140816076066,-0.9864721115703622,0.0,7.40225,-2.4599999999999995,-0.32909999999999995,1.0,4.92
0.9386489913964282,0.3406604176484468,-0.05381236945953591,0.0,0.3291367890457397,-0.9314283826026082,-0.15529803694546784,0.0,-0.10302587896723595,0.12805823970007285,-0.9864045460226771,0.0,7.423,-2.479999999999999,-0.35079999999999956,1.0,4.96
0.9389137558478348,0.3402988996259112,-0.051429090795491454,0.0,0.3289551480706247,-0.9312784693353002,-0.1565770675939013,0.0,-0.1011774260956152,0.13009400758013814,-0.9863295403122136,0.0,7.44375,-2.4999999999999996,-0.37250000000000005,1.0,5.0
0.9391740286741551,0.3399324552657228,-0.0490460698945174,0.0,0.3287758961826857,-0.9311258927376805,-0.1578561202841656,0.0,-0.09932810240847043,0.1321286963921343,-0.986247095006694,0.0,7.464500000000001,-2.5199999999999996,-0.3942000000000001,1.0,5.04
0.9394298079053718,0.33956108734151585,-0.04666332479381048,0.0,0.32859903473868873,-0.9309706539646087,-0.159135185335051,0.0,-0.09747792190341943,0.13416229073540636,-0.9861572107301505,0.0,7.485250000000001,-2.5399999999999996,-0.4158999999999997,1.0,5.08
0.9396810916054801,0.33918479866419166,-0.044280873528479994,0.0,0.3284245650773063,-0.930812754191094,-0.16041425306525434,0.0,-0.09562689858456476,0.13619477521758347,-0.9860598881629212,0.0,7.506,-2.5599999999999996,-0.43759999999999977,1.0,5.12
0.9399278778725019,0.3388035920818969,-0.041898734131411174,0.0,0.32825248851910754,-0.9306521946122875,-0.161693313793452,0.0,-0.09377504646238884,0.13822613445469553,-0.9859551280416454,0.0,7.526750000000001,-2.5799999999999996,-0.45930000000000026,1.0,5.16
0.9401701648385004,0.33841747048000204,-0.039516924633128496,0.0,0.32808280636654774,-0.9304889764434721,-0.1629723578383735,0.0,-0.09192237955364699,0.14025635307128936,-0.9858429311592574,0.0,7.547500000000001,-2.5999999999999996,-0.4810000000000003,1.0,5.2
0.940407950669594,0.3380264367810794,-0.037135463061659664,0.0,0.32791551990395934,-0.9303231009200534,-0.1642513755188745,0.0,-0.09006891188126166,0.14228541570054515,-0.9857232983649803,0.0,7.568250000000001,-2.6199999999999997,-0.5026999999999999,1.0,5.24
0.9406412335659711,0.33763049394488154,-0.03475436744239877,0.0,0.3277506303975413,-0.9301545692975516,-0.16553035715401043,0.0,-0.08821465747421661,0.1443133069843929,-0.9855962305643208,0.0,7.589,-2.6399999999999997,-0.5244,1.0,5.28
0.9408700117619019,0.33722964496831814,-0.03237365579797005,0.0,0.3275881390953499,-0.92998338285159,-0.16680929306310935,0.0,-0.0863596303674501,0.14634001157362858,-0.9854617287190606,0.0,7.60975,-2.6599999999999997,-0.5461000000000005,1.0,5.32
0.941094283525754,0.33682389288543413,-0.029993346148091377,0.0,0.3274280472272895,-0.9298095428778871,-0.16808817356584543,0.0,-0.08450384460174935,0.14836551412803012,-0.9853197938472507,0.0,7.6305000000000005,-2.6799999999999997,-0.5678000000000001,1.0,5.36
0.9413140471600038,0.3364132407673858,-0.02761345650943791,0.0,0.32727035600510296,-0.9296330506922454,-0.1693669889823123,0.0,-0.0826473142236435,0.15038979931647403,-0.9851704270232028,0.0,7.651250000000001,-2.6999999999999997,-0.5895000000000001,1.0,5.4
0.9415293010012498,0.33599769172241833,-0.0252340048955059,0.0,0.3271150666223626,-0.929453907630543,-0.17064572963309627,0.0,-0.08079005328529812,0.15241285181705083,-0.9850136293774813,0.0,7.672000000000001,-2.7199999999999998,-0.6112000000000002,1.0,5.44
0.941740043420226,0.3355772488958419,-0.02285500931647577,0.0,0.3269621802544609,-0.9292721150487219,-0.1719243858393495,0.0,-0.07893207584440791,0.15443465631718153,-0.9848494020968949,0.0,7.69275,-2.74,-0.6329000000000002,1.0,5.48
0.9419462728218131,0.33515191547000794,-0.02047648777907658,0.0,0.32681169805860194,-0.9290876743227786,-0.17320294792286314,0.0,-0.07707339596409138,0.15645519751373316,-0.9846777464244877,0.0,7.713500000000001,-2.7599999999999993,-0.6545999999999994,1.0,5.5200000000000005
0.9421479876450507,0.33472169466428503,-0.018098458286449178,0.0,0.32666362117379255,-0.9289005868487538,-0.17448140620614108,0.0,-0.07521402771278334,0.1584744601131348,-0.9844986636595294,0.0,7.73425,-2.7799999999999994,-0.6762999999999999,1.0,5.5600000000000005
0.9423451863631503,0.33428658973503467,-0.015720938838010082,0.0,0.3265179507208336,-0.928710854042721,-0.17575975101247263,0.0,-0.07335398516412937,0.16049242883149326,-0.9843121551575058,0.0,7.755000000000001,-2.7999999999999994,-0.698,1.0,5.6000000000000005
0.9425378674835054,0.33384660397558635,-0.01334394742931533,0.0,0.3263746878023116,-0.928518477340777,-0.17703797266600618,0.0,-0.07149328239687831,0.16250908839470898,-0.9841182223301087,0.0,7.77575,-2.8199999999999994,-0.7197,1.0,5.64
0.9427260295477037,0.33340174071621287,-0.01096750205192425,0.0,0.3262338335025902,-0.9283234581990298,-0.17831606149182216,0.0,-0.06963193349477682,0.16452442353859117,-0.9839168666452245,0.0,7.796500000000001,-2.84,-0.7413999999999996,1.0,5.68
0.9429096711315376,0.33295200332410524,-0.008591620693262953,0.0,0.32609538888780226,-0.9281257980935886,-0.1795940078160064,0.0,-0.0677699525464616,0.16653841900897387,-0.983708089626924,0.0,7.8172500000000005,-2.8599999999999994,-0.7630999999999997,1.0,5.72
0.9430887908450152,0.3324973952033467,-0.006216321336488995,0.0,0.32595935500584156,-0.9279254985205523,-0.1808718019657233,0.0,-0.06590735364535395,0.16855105956183097,-0.9834918928554501,0.0,7.838000000000001,-2.8799999999999994,-0.7847999999999997,1.0,5.76
0.9432633873323714,0.33203791979488734,-0.003841621960354084,0.0,0.3258257328863549,-0.9277225609959971,-0.18214943426928926,0.0,-0.06404415088955173,0.17056232996339207,-0.9832682779672064,0.0,7.858750000000001,-2.8999999999999995,-0.8064999999999998,1.0,5.8
0.9434334592720769,0.3315735805765182,-0.0014675405390691743,0.0,0.3256945235407343,-0.927516987055967,-0.18342689505624538,0.0,-0.062180358381724275,0.17257221499025713,-0.9830372466547442,0.0,7.8795,-2.92,-0.8281999999999998,1.0,5.84
0.9435990053768494,0.33110438106284446,0.0009059049578323113,0.0,0.32556572796210953,-0.9273087782564607,-0.18470417465743127,0.0,-0.060315990229003975,0.17458069942951243,-0.9827988006667507,0.0,7.900250000000001,-2.94,-0.8498999999999999,1.0,5.88
0.9437600243936624,0.33063032480525917,0.003278696565630418,0.0,0.3254393471253403,-0.9270979361734205,-0.1859812634050578,0.0,-0.058451060542880844,0.17658776807884516,-0.9825529418080345,0.0,7.921000000000001,-2.9599999999999995,-0.8715999999999999,1.0,5.92
0.9439165151037558,0.3301514153919164,0.005650816324554229,0.0,0.32531538198700904,-0.9268844624027197,-0.18725815163278048,0.0,-0.05658558343909495,0.17859340574665877,-0.9822996719395128,0.0,7.941750000000001,-2.9799999999999995,-0.8933,1.0,5.96
0.944068476322644,0.329667656447704,0.008022246279918294,0.0,0.3251938334854138,-0.9266683585601514,-0.18853482967577248,0.0,-0.054719573037529855,0.18059759725218788,-0.9820389929781972,0.0,7.9625,-3.0,-0.915,1.0,6.0
0.9442159069001251,0.3291790516342158,0.010392968482258323,0.0,0.32507470254056087,-0.9264496262814158,-0.18981128787079796,0.0,-0.05285304346210556,0.18260032742561305,-0.9817709068971789,0.0,7.98325,-3.0199999999999996,-0.9367000000000001,1.0,6.04
0.9443588057202906,0.3286856046497249,0.012762964987466869,0.0,0.3249579900541578,-0.9262282672221078,-0.19108751655628506,0.0,-0.050986008840671955,0.18460158110817596,-0.981495415725614,0.0,8.004000000000001,-3.039999999999999,-0.9583999999999997,1.0,6.08
0.9444971717015324,0.3281873192291543,0.015132217856929543,0.0,0.32484369690960707,-0.9260042830577043,-0.19236350607239913,0.0,-0.04911848330490136,0.1866013431522937,-0.9812125215487082,0.0,8.024750000000001,-3.059999999999999,-0.9800999999999997,1.0,6.12
0.9446310037965518,0.3276841991440498,0.01750070915766033,0.0,0.32473182397199873,-0.9257776754835519,-0.1936392467611158,0.0,-0.04725048099018204,0.18859959842167387,-0.9809222265077006,0.0,8.0455,-3.08,-1.0017999999999998,1.0,6.16
0.9447603009923677,0.3271762482025508,0.019868420962437794,0.0,0.32462237208810424,-0.9255484462148541,-0.194914728966294,0.0,-0.045382016035511,0.19059633179142854,-0.9806245327998478,0.0,8.06625,-3.0999999999999996,-1.0235000000000003,1.0,6.2
0.9448850623103235,0.32666347024936193,0.022235335349940287,0.0,0.32451534208637,-0.9253165969866579,-0.19618994303374926,0.0,-0.04351310258338686,0.1925915281481896,-0.9803194426784079,0.0,8.087000000000002,-3.12,-1.0452,1.0,6.24
0.9450052868060947,0.32614586916572336,0.024601434404882206,0.0,0.3244107347769113,-0.925082129553841,-0.1974648793113266,0.0,-0.04164375477970314,0.1945851723902223,-0.980006958452622,0.0,8.107750000000001,-3.1399999999999997,-1.0669,1.0,6.28
0.9451209735696966,0.32562344886938205,0.026966700218148995,0.0,0.3243085509515056,-0.9248450456910982,-0.1987395281489737,0.0,-0.039773986773640815,0.19657724942754012,-0.9796870824876978,0.0,8.128500000000003,-3.16,-1.0886,1.0,6.32
0.945232121725491,0.3250962133145616,0.0293311148869328,0.0,0.32420879138358716,-0.9246053471929286,-0.2000138798988137,0.0,-0.03790381271756154,0.19856774418201856,-0.9793598172047916,0.0,8.14925,-3.1799999999999993,-1.1103,1.0,6.36
0.9453387304321917,0.32456416649193265,0.03169466051486852,0.0,0.3241114568282407,-0.9243630358736212,-0.20128792491521866,0.0,-0.036033246766900145,0.20055664158750983,-0.9790251650809895,0.0,8.170000000000002,-3.1999999999999997,-1.1320000000000001,1.0,6.4
0.9454407988828729,0.32402731242858246,0.0340573192121684,0.0,0.3240165480221961,-0.9241181135672418,-0.20256165355488212,0.0,-0.034162303080058166,0.20254392658995604,-0.9786831286492893,0.0,8.190750000000001,-3.2199999999999993,-1.1537000000000002,1.0,6.44
