Xx,Xy,Xz,0,Yx,Yy,Yz,0,Zx,Zy,Zz,0,Px,Py,Pz,1
-0.8079857106302708,-0.4035355041292341,0.42932294176349495,0.0,-0.2599960806556841,0.8980614627668085,0.35480649252349267,0.0,-0.5287354059082666,0.17505629380375087,-0.8305384786623168,0.0,1015.936,-96.824,-137.438,1.0
-0.8079812623089501,-0.4035502235803812,0.42931747787866276,0.0,-0.26001454125359913,0.8980566270826482,0.35480520415553907,0.0,-0.5287331255941433,0.1750471696640587,-0.8305418534296066,0.0,1015.935256146625,-96.76363433169423,-137.43773804202056,1.0
-0.8079768136923907,-0.40356494295158746,0.42931201401884583,0.0,-0.26003300175779426,0.8980517910728556,0.354803915666965,0.0,-0.5287308450972638,0.1750380455679903,-0.8305452281913464,0.0,1015.9345122932499,-96.70326866338847,-137.43747608404112,1.0
-0.8079723647805944,-0.4035796622428477,0.4293065501840461,0.0,-0.2600514621682629,0.8980469547374328,0.35480262705777094,0.0,-0.5287285644176287,0.1750289215155489,-0.8305486029475345,0.0,1015.9337684398748,-96.6429029950827,-137.4372141260617,1.0
-0.8079679155735628,-0.40359438145415655,0.42930108637426573,0.0,-0.26006992248499844,0.8980421180763813,0.3548013383279574,0.0,-0.528726283555239,0.17501979750673785,-0.83055197769817,0.0,1015.9330245864999,-96.58253732677693,-137.43695216808223,1.0
-0.8079634660712973,-0.40360910058550875,0.4292956225895064,0.0,-0.2600883827079941,0.8980372810897027,0.3548000494775247,0.0,-0.5287240025100953,0.1750106735415604,-0.8305553524432515,0.0,1015.9322807331248,-96.52217165847117,-137.4366902101028,1.0
-0.8079590162737998,-0.40362381963689903,0.42929015882977023,0.0,-0.2601068428372434,0.898032443777399,0.3547987605064734,0.0,-0.5287217212821986,0.17500154962001985,-0.830558727182778,0.0,1015.9315368797497,-96.4618059901654,-137.43642825212336,1.0
-0.8079545661810715,-0.4036385386083221,0.4292846950950592,0.0,-0.26012530287273955,0.8980276061394716,0.3547974714148039,0.0,-0.5287194398715498,0.17499242574211946,-0.8305621019167482,0.0,1015.9307930263747,-96.40144032185964,-137.43616629414393,1.0
-0.8079501157931143,-0.40365325749977254,0.4292792313853751,0.0,-0.260143762814476,0.8980227681759227,0.35479618220251674,0.0,-0.5287171582781495,0.17498330190786252,-0.8305654766451608,0.0,1015.9300491729996,-96.34107465355386,-137.4359043361645,1.0
-0.8079456651099298,-0.4036679763112452,0.42927376770072007,0.0,-0.26016222266244615,0.8980179298867538,0.3547948928696123,0.0,-0.5287148765019987,0.1749741781172523,-0.8305688513680146,0.0,1015.9293053196245,-96.2807089852481,-137.43564237818507,1.0
-0.8079412141315195,-0.40368269504273474,0.42926830404109606,0.0,-0.2601806824166432,0.8980130912719666,0.35479360341609123,0.0,-0.528712594543098,0.1749650543702921,-0.8305722260853085,0.0,1015.9285614662494,-96.22034331694233,-137.43538042020563,1.0
-0.8079367628578851,-0.4036974136942358,0.4292628404065051,0.0,-0.2601991420770608,0.8980082523315629,0.3547923138419538,0.0,-0.5287103124014484,0.1749559306669852,-0.8305756007970412,0.0,1015.9278176128744,-96.15997764863657,-137.43511846222617,1.0
-0.8079323112890279,-0.4037121322657431,0.4292573767969489,0.0,-0.26021760164369195,0.8980034130655444,0.35479102414720054,0.0,-0.5287080300770507,0.17494680700733486,-0.8305789755032114,0.0,1015.9270737594994,-96.09961198033079,-137.43485650424674,1.0
-0.8079278594249499,-0.40372685075725157,0.42925191321242967,0.0,-0.26023606111653025,0.897998573473913,0.35478973433183186,0.0,-0.5287057475699057,0.1749376833913444,-0.8305823502038181,0.0,1015.9263299061244,-96.03924631202503,-137.4345945462673,1.0
-0.8079234072656526,-0.4037415691687556,0.42924644965294934,0.0,-0.26025452049556896,0.8979937335566702,0.3547884443958483,0.0,-0.5287034648800143,0.1749285598190171,-0.83058572489886,0.0,1015.9255860527493,-95.97888064371926,-137.43433258828787,1.0
-0.8079189548111373,-0.40375628750025,0.4292409861185097,0.0,-0.2602729797808015,0.8979888933138178,0.3547871543392503,0.0,-0.5287011820073771,0.1749194362903562,-0.8305890995883357,0.0,1015.9248421993742,-95.9185149754135,-137.43407063030844,1.0
-0.807914502061406,-0.4037710057517296,0.42923552260911296,0.0,-0.2602914389722212,0.8979840527453578,0.35478586416203833,0.0,-0.5286988989519953,0.17491031280536504,-0.8305924742722443,0.0,1015.9240983459991,-95.85814930710774,-137.433808672329,1.0
-0.8079100490164602,-0.40378572392318896,0.42923005912476103,0.0,-0.2603098980698214,0.8979792118512916,0.35478457386421286,0.0,-0.5286966157138694,0.17490118936404683,-0.8305958489505844,0.0,1015.9233544926241,-95.79778363880196,-137.43354671434957,1.0
-0.8079055956763014,-0.4038004420146228,0.42922459566545573,0.0,-0.2603283570735954,0.897974370631621,0.35478328344577426,0.0,-0.5286943322930001,0.1748920659664049,-0.8305992236233547,0.0,1015.922610639249,-95.7374179704962,-137.4332847563701,1.0
-0.8079011420409311,-0.40381516002602585,0.42921913223119906,0.0,-0.26034681598353676,0.897969529086348,0.35478199290672313,0.0,-0.5286920486893887,0.17488294261244255,-0.8306025982905542,0.0,1015.9218667858739,-95.67705230219043,-137.43302279839068,1.0
-0.8078966881103512,-0.40382987795739284,0.42921366882199313,0.0,-0.2603652747996386,0.897964687215474,0.3547807022470599,0.0,-0.5286897649030355,0.17487381930216303,-0.8306059729521815,0.0,1015.921122932499,-95.61668663388467,-137.43276084041125,1.0
-0.8078922338845631,-0.4038445958087184,0.4292082054378398,0.0,-0.26038373352189453,0.8979598450190011,0.354779411466785,0.0,-0.5286874809339418,0.17486469603556962,-0.8306093476082356,0.0,1015.9203790791239,-95.5563209655789,-137.43249888243182,1.0
-0.8078877793635686,-0.40385931357999744,0.429202742078741,0.0,-0.2604021921502977,0.8979550024969307,0.3547781205658989,0.0,-0.5286851967821081,0.1748555728126656,-0.830612722258715,0.0,1015.9196352257488,-95.49595529727313,-137.43223692445238,1.0
-0.8078833245473689,-0.40387403127122434,0.42919727874469876,0.0,-0.26042065068484155,0.8979501596492648,0.35477682954440204,0.0,-0.5286829124475354,0.1748464496334543,-0.8306160969036188,0.0,1015.9188913723738,-95.43558962896736,-137.43197496647295,1.0
-0.8078788694359661,-0.4038887488823941,0.4291918154357151,0.0,-0.26043910912551943,0.8979453164760048,0.3547755384022949,0.0,-0.5286806279302244,0.17483732649793893,-0.8306194715429456,0.0,1015.9181475189987,-95.3752239606616,-137.43171300849352,1.0
-0.8078744140293613,-0.40390346641350133,0.42918635215179185,0.0,-0.2604575674723247,0.897940472977153,0.35477424713957806,0.0,-0.5286783432301758,0.17482820340612282,-0.8306228461766941,0.0,1015.9174036656236,-95.31485829235584,-137.43145105051408,1.0
-0.8078699583275565,-0.40391818386454065,0.42918088889293105,0.0,-0.26047602572525075,0.8979356291527105,0.35477295575625184,0.0,-0.5286760583473908,0.17481908035800925,-0.8306262208048634,0.0,1015.9166598122486,-95.25449262405007,-137.43118909253462,1.0
-0.8078655023305531,-0.4039329012355068,0.42917542565913464,0.0,-0.26049448388429086,0.8979307850026795,0.35477166425231677,0.0,-0.5286737732818699,0.17480995735360147,-0.8306295954274519,0.0,1015.9159159588735,-95.1941269557443,-137.4309271345552,1.0
-0.807861046038353,-0.40394761852639455,0.4291699624504046,0.0,-0.2605129419494384,0.8979259405270618,0.3547703726277732,0.0,-0.5286714880336141,0.17480083439290278,-0.8306329700444587,0.0,1015.9151721054985,-95.13376128743853,-137.43066517657576,1.0
-0.8078565894509572,-0.40396233573719853,0.429164499266743,0.0,-0.2605313999206869,0.8979210957258585,0.3547690808826217,0.0,-0.5286692026026241,0.17479171147591652,-0.8306363446558824,0.0,1015.9144282521235,-95.07339561913277,-137.43040321859633,1.0
-0.807852132568368,-0.4039770528679136,0.42915903610815154,0.0,-0.2605498577980295,0.8979162505990722,0.35476778901686284,0.0,-0.5286669169889008,0.17478258860264587,-0.8306397192617219,0.0,1015.9136843987484,-95.013029950827,-137.4301412606169,1.0
-0.8078476753905867,-0.40399176991853425,0.4291535729746325,0.0,-0.26056831558145965,0.8979114051467041,0.3547664970304969,0.0,-0.528664631192445,0.17477346577309416,-0.8306430938619759,0.0,1015.9129405453733,-94.95266428252123,-137.42987930263746,1.0
-0.8078432179176145,-0.40400648688905527,0.4291481098661876,0.0,-0.2605867732709708,0.8979065593687561,0.3547652049235244,0.0,-0.5286623452132575,0.17476434298726468,-0.8306464684566431,0.0,1015.9121966919982,-94.89229861421546,-137.42961734465803,1.0
-0.8078387601494538,-0.4040212037794714,0.429142646782819,0.0,-0.2606052308665561,0.8979017132652299,0.35476391269594587,0.0,-0.5286600590513391,0.17475522024516071,-0.8306498430457225,0.0,1015.9114528386232,-94.8319329459097,-137.42935538667857,1.0
-0.8078343020861054,-0.4040359205897774,0.42913718372452847,0.0,-0.2606236883682091,0.8978968668361271,0.3547626203477617,0.0,-0.5286577727066907,0.17474609754678552,-0.8306532176292128,0.0,1015.9107089852481,-94.77156727760394,-137.42909342869913,1.0
-0.8078298437275716,-0.40405063731996776,0.429131720691318,0.0,-0.26064214577592304,0.8978920200814499,0.3547613278789723,0.0,-0.5286554861793131,0.1747369748921424,-0.8306565922071129,0.0,1015.909965131873,-94.71120160929817,-137.4288314707197,1.0
-0.8078253850738536,-0.40406535397003746,0.4291262576831898,0.0,-0.2606606030896914,0.8978871730011996,0.3547600352895783,0.0,-0.5286531994692071,0.17472785228123464,-0.8306599667794212,0.0,1015.9092212784981,-94.6508359409924,-137.42856951274027,1.0
-0.807820926124953,-0.404080070539981,0.4291207947001455,0.0,-0.26067906030950744,0.897882325595378,0.35475874257958,0.0,-0.5286509125763734,0.1747187297140655,-0.830663341346137,0.0,1015.908477425123,-94.59047027268663,-137.42830755476083,1.0
-0.8078164668808716,-0.4040947870297932,0.42911533174218747,0.0,-0.2606975174353645,0.8978774778639871,0.35475744974897805,0.0,-0.5286486255008132,0.17470960719063827,-0.8306667159072587,0.0,1015.9077335717479,-94.53010460438087,-137.4280455967814,1.0
-0.807812007341611,-0.40410950343946866,0.4291098688093172,0.0,-0.2607159744672561,0.8978726298070284,0.3547561567977727,0.0,-0.5286463382425269,0.17470048471095623,-0.8306700904627853,0.0,1015.9069897183729,-94.4697389360751,-137.42778363880197,1.0
-0.8078075475071725,-0.4041242197690022,0.429104405901537,0.0,-0.2607344314051753,0.8978677814245036,0.3547548637259646,0.0,-0.5286440508015156,0.1746913622750227,-0.8306734650127154,0.0,1015.9062458649978,-94.40937326776934,-137.4275216808225,1.0
-0.8078030873775581,-0.40413893601838846,0.4290989430188486,0.0,-0.2607528882491158,0.8978629327164148,0.3547535705335541,0.0,-0.5286417631777799,0.17468223988284087,-0.830676839557048,0.0,1015.9055020116227,-94.34900759946356,-137.42725972284308,1.0
-0.8077986269527692,-0.40415365218762217,0.42909348016125415,0.0,-0.2607713449990708,0.8978580836827634,0.3547522772205417,0.0,-0.5286394753713207,0.17467311753441414,-0.8306802140957816,0.0,1015.9047581582477,-94.2886419311578,-137.42699776486364,1.0
-0.8077941662328073,-0.40416836827669805,0.4290880173287556,0.0,-0.2607898016550336,0.8978532343235514,0.35475098378692793,0.0,-0.528637187382139,0.17466399522974568,-0.8306835886289153,0.0,1015.9040143048726,-94.22827626285203,-137.4267358068842,1.0
-0.8077897052176742,-0.4041830842856108,0.42908255452135485,0.0,-0.2608082582169977,0.8978483846387803,0.35474969023271313,0.0,-0.5286348992102355,0.1746548729688389,-0.8306869631564479,0.0,1015.9032704514976,-94.16791059454627,-137.42647384890478,1.0
-0.8077852439073716,-0.40419780021435503,0.42907709173905384,0.0,-0.2608267146849564,0.8978435346284518,0.35474839655789786,0.0,-0.528632610855611,0.17464575075169692,-0.8306903376783777,0.0,1015.9025265981226,-94.10754492624051,-137.42621189092534,1.0
-0.8077807823019008,-0.4042125160629256,0.4290716289818547,0.0,-0.2608451710589029,0.8978386842925679,0.3547471027624825,0.0,-0.5286303223182663,0.17463662857832318,-0.8306937121947041,0.0,1015.9017827447475,-94.04717925793473,-137.4259499329459,1.0
-0.8077763204012636,-0.404227231831317,0.42906616624975913,0.0,-0.2608636273388309,0.8978338336311303,0.35474580884646767,0.0,-0.5286280335982023,0.17462750644872083,-0.8306970867054254,0.0,1015.9010388913724,-93.98681358962897,-137.42568797496645,1.0
-0.8077718582054614,-0.4042419475195242,0.4290607035427693,0.0,-0.2608820835247334,0.8978289826441406,0.35474451480985364,0.0,-0.5286257446954198,0.17461838436289326,-0.8307004612105409,0.0,1015.9002950379974,-93.9264479213232,-137.42542601698702,1.0
-0.807767395714496,-0.40425666312754166,0.42905524086088703,0.0,-0.2609005396166041,0.8978241313316007,0.354743220652641,0.0,-0.5286234556099195,0.17460926232084367,-0.8307038357100488,0.0,1015.8995511846223,-93.86608225301744,-137.42516405900759,1.0
-0.8077629329283691,-0.4042713786553644,0.4290497782041145,0.0,-0.26091899561443604,0.8978192796935122,0.35474192637483015,0.0,-0.5286211663417024,0.1746001403225754,-0.8307072102039482,0.0,1015.8988073312472,-93.80571658471166,-137.42490210102815,1.0
-0.807758469847082,-0.4042860941029868,0.42904431557245354,0.0,-0.26093745151822284,0.8978144277298771,0.3547406319764217,0.0,-0.5286188768907693,0.17459101836809165,-0.8307105846922379,0.0,1015.8980634778721,-93.7453509164059,-137.42464014304872,1.0
-0.8077540064706366,-0.40430080947040375,0.429038852965906,0.0,-0.2609559073279577,0.8978095754406966,0.3547393374574159,0.0,-0.5286165872571209,0.17458189645739583,-0.8307139591749166,0.0,1015.8973196244972,-93.68498524810013,-137.4243781850693,1.0
-0.8077495427990342,-0.4043155247576099,0.429033390384474,0.0,-0.26097436304363403,0.897804722825973,0.3547380428178134,0.0,-0.528614297440758,0.17457277459049111,-0.8307173336519832,0.0,1015.8965757711221,-93.62461957979437,-137.42411622708985,1.0
-0.8077450788322769,-0.4043302399645999,0.42902792782815957,0.0,-0.2609928186652452,0.8977998698857078,0.3547367480576145,0.0,-0.5286120074416818,0.1745636527673808,-0.8307207081234363,0.0,1015.895831917747,-93.5642539114886,-137.4238542691104,1.0
-0.8077406145703656,-0.4043449550913686,0.4290224652969645,0.0,-0.2610112741927846,0.897795016619903,0.3547354531768198,0.0,-0.5286097172598927,0.17455453098806825,-0.830724082589275,0.0,1015.895088064372,-93.50388824318283,-137.42359231113096,1.0
-0.8077361500133027,-0.40435967013791063,0.42901700279089083,0.0,-0.2610297296262455,0.8977901630285601,0.3547341581754298,0.0,-0.5286074268953916,0.17454540925255663,-0.8307274570494977,0.0,1015.8943442109969,-93.44352257487706,-137.42333035315153,1.0
-0.8077316851610891,-0.4043743851042206,0.42901154030994054,0.0,-0.2610481849656213,0.8977853091116806,0.3547328630534448,0.0,-0.5286051363481795,0.1745362875608493,-0.8307308315041034,0.0,1015.8936003576218,-93.3831569065713,-137.4230683951721,1.0
-0.8077272200137269,-0.4043890999902934,0.4290060778541156,0.0,-0.2610666402109055,0.8977804548692669,0.3547315678108654,0.0,-0.5286028456182571,0.1745271659129495,-0.8307342059530909,0.0,1015.8928565042468,-93.32279123826554,-137.42280643719266,1.0
-0.8077227545712174,-0.4044038147961236,0.4290006154234179,0.0,-0.2610850953620912,0.8977756003013203,0.354730272447692,0.0,-0.5286005547056253,0.17451804430886056,-0.830737580396459,0.0,1015.8921126508717,-93.26242556995977,-137.42254447921323,1.0
-0.8077182888335623,-0.4044185295217059,0.4289951530178495,0.0,-0.26110355041917194,0.8977707454078425,0.354728976963925,0.0,-0.5285982636102847,0.1745089227485857,-0.8307409548342062,0.0,1015.8913687974967,-93.202059901654,-137.4222825212338,1.0
-0.8077138228007633,-0.4044332441670352,0.4289896906374123,0.0,-0.26112200538214103,0.8977658901888353,0.354727681359565,0.0,-0.5285959723322364,0.17449980123212824,-0.8307443292663317,0.0,1015.8906249441217,-93.14169423334823,-137.42202056325434,1.0
-0.807709356472822,-0.4044479587321059,0.42898422828210836,0.0,-0.2611404602509918,0.8977610346443008,0.3547263856346125,0.0,-0.5285936808714812,0.17449067975949148,-0.830747703692834,0.0,1015.8898810907466,-93.08132856504247,-137.4217586052749,1.0
-0.8077048898497398,-0.4044626732169129,0.42897876595193946,0.0,-0.2611589150257177,0.8977561787742404,0.3547250897890678,0.0,-0.5285913892280197,0.17448155833067863,-0.8307510781137121,0.0,1015.8891372373715,-93.0209628967367,-137.42149664729547,1.0
-0.8077004229315186,-0.404477387621451,0.42897330364690783,0.0,-0.26117736970631206,0.8977513225786558,0.3547237938229315,0.0,-0.5285890974018529,0.17447243694569306,-0.8307544525289645,0.0,1015.8883933839965,-92.96059722843094,-137.42123468931604,1.0
-0.8076959557181596,-0.4044921019457146,0.42896784136701516,0.0,-0.26119582429276816,0.8977464660575489,0.35472249773620396,0.0,-0.5285868053929816,0.17446331560453798,-0.8307578269385903,0.0,1015.8876495306214,-92.90023156012516,-137.4209727313366,1.0
-0.807691488209665,-0.4045068161896988,0.42896237911226365,0.0,-0.26121427878507947,0.8977416092109215,0.35472120152888575,0.0,-0.5285845132014066,0.1744541943072167,-0.8307612013425881,0.0,1015.8869056772463,-92.8398658918194,-137.42071077335717,1.0
-0.8076870204060358,-0.40452153035339794,0.4289569168826551,0.0,-0.26123273318323925,0.8977367520387751,0.3547199052009773,0.0,-0.5285822208271288,0.17444507305373252,-0.8307645757409569,0.0,1015.8861618238712,-92.77950022351364,-137.42044881537774,1.0
-0.8076825523072739,-0.4045362444368069,0.42895145467819146,0.0,-0.2612511874872409,0.8977318945411117,0.35471860875247896,0.0,-0.5285799282701489,0.1744359518440887,-0.830767950133695,0.0,1015.8854179704963,-92.71913455520787,-137.42018685739828,1.0
-0.807678083913381,-0.4045509584399204,0.4289459924988749,0.0,-0.26126964169707784,0.8977270367179331,0.3547173121833914,0.0,-0.5285776355304679,0.1744268306782885,-0.8307713245208017,0.0,1015.8846741171212,-92.6587688869021,-137.41992489941885,1.0
-0.8076736152243585,-0.4045656723627331,0.42894053034470725,0.0,-0.2612880958127434,0.8977221785692406,0.35471601549371495,0.0,-0.5285753426080864,0.17441770955633526,-0.8307746989022755,0.0,1015.8839302637462,-92.59840321859633,-137.4196629414394,1.0
-0.8076691462402082,-0.40458038620523973,0.42893506821569033,0.0,-0.2613065498342309,0.8977173200950365,0.35471471868345017,0.0,-0.5285730495030053,0.1744085884782322,-0.8307780732781154,0.0,1015.8831864103711,-92.53803755029057,-137.41940098345998,1.0
-0.8076646769609316,-0.40459509996743503,0.4289296061118264,0.0,-0.2613250037615338,0.8977124612953222,0.3547134217525974,0.0,-0.5285707562152256,0.17439946744398263,-0.83078144764832,0.0,1015.882442556996,-92.4776718819848,-137.41913902548055,1.0
-0.8076602073865302,-0.40460981364931353,0.4289241440331172,0.0,-0.2613434575946453,0.8977076021700996,0.3547121247011572,0.0,-0.528568462744748,0.17439034645358986,-0.8307848220128881,0.0,1015.8816987036209,-92.41730621367904,-137.4188770675011,1.0
-0.8076557375170059,-0.4046245272508702,0.4289186819795648,0.0,-0.2613619113335588,0.8977027427193702,0.35471082752912997,0.0,-0.5285661690915732,0.1743812255070571,-0.8307881963718184,0.0,1015.8809548502459,-92.35694054537328,-137.41861510952168,1.0
-0.80765126735236,-0.4046392407720996,0.42891321995117104,0.0,-0.26138036497826783,0.8976978829431362,0.3547095302365163,0.0,-0.5285638752557023,0.17437210460438768,-0.8307915707251101,0.0,1015.8802109968708,-92.2965748770675,-137.41835315154225,1.0
-0.8076467968925943,-0.40465395421299644,0.4289077579479381,0.0,-0.26139881852876556,0.897693022841399,0.35470823282331654,0.0,-0.5285615812371357,0.1743629837455849,-0.8307949450727615,0.0,1015.8794671434958,-92.23620920876174,-137.4180911935628,1.0
-0.8076423261377104,-0.4046686675735554,0.42890229596986773,0.0,-0.2614172719850455,0.8976881624141605,0.35470693528953123,0.0,-0.5285592870358746,0.17435386293065197,-0.8307983194147717,0.0,1015.8787232901208,-92.17584354045597,-137.41782923558335,1.0
-0.8076378550877097,-0.4046833808537712,0.4288968340169621,0.0,-0.26143572534710086,0.8976833016614221,0.3547056376351607,0.0,-0.5285569926519198,0.17434474215959225,-0.8308016937511392,0.0,1015.8779794367457,-92.11547787215021,-137.41756727760392,1.0
-0.8076333837425942,-0.4046980940536387,0.428891372089223,0.0,-0.26145417861492504,0.8976784405831861,0.3547043398602056,0.0,-0.528554698085272,0.17433562143240897,-0.8308050680818632,0.0,1015.8772355833706,-92.05511220384443,-137.4173053196245,1.0
-0.8076289121023649,-0.40471280717315233,0.4288859101866525,0.0,-0.2614726317885115,0.8976735791794539,0.35470304196466634,0.0,-0.528552403335932,0.17432650074910544,-0.8308084424069422,0.0,1015.8764917299956,-91.99474653553867,-137.41704336164506,1.0
-0.8076244401670242,-0.4047275202123071,0.42888044830925254,0.0,-0.2614910848678535,0.8976687174502272,0.35470174394854326,0.0,-0.5285501084039008,0.17431738010968495,-0.8308118167263749,0.0,1015.8757478766205,-91.9343808672329,-137.41678140366562,1.0
-0.807619967936573,-0.40474223317109753,0.42887498645702504,0.0,-0.2615095378529445,0.8976638553955083,0.354700445811837,0.0,-0.528547813289179,0.17430825951415072,-0.8308151910401602,0.0,1015.8750040232454,-91.87401519892714,-137.4165194456862,1.0
-0.8076154954110132,-0.4047569460495183,0.428869524629972,0.0,-0.2615279907437778,0.8976589930152983,0.35469914755454796,0.0,-0.5285455179917676,0.1742991389625061,-0.8308185653482971,0.0,1015.8742601698704,-91.81364953062138,-137.41625748770673,1.0
-0.8076110225903466,-0.4047716588475642,0.4288640628280954,0.0,-0.2615464435403467,0.8976541303095991,0.35469784917667657,0.0,-0.5285432225116674,0.1742900184547543,-0.8308219396507841,0.0,1015.8735163164954,-91.7532838623156,-137.4159955297273,1.0
-0.8076065494745744,-0.4047863715652299,0.4288586010513971,0.0,-0.2615648962426447,0.8976492672784127,0.3546965506782233,0.0,-0.5285409268488792,0.1742808979908987,-0.83082531394762,0.0,1015.8727724631203,-91.69291819400983,-137.41573357174786,1.0
-0.8076020760636986,-0.40480108420251015,0.4288531392998792,0.0,-0.26158334885066503,0.8976444039217405,0.3546952520591887,0.0,-0.5285386310034038,0.17427177757094248,-0.8308286882388037,0.0,1015.8720286097453,-91.63255252570407,-137.41547161376843,1.0
-0.8075976023577206,-0.40481579675939966,0.4288476775735437,0.0,-0.26160180136440103,0.8976395402395844,0.3546939533195732,0.0,-0.528536334975242,0.17426265719488898,-0.8308320625243341,0.0,1015.8712847563702,-91.57218685739831,-137.415209655789,1.0
-0.8075931283566421,-0.4048305092358931,0.42884221587239246,0.0,-0.26162025378384623,0.8976346762319464,0.3546926544593772,0.0,-0.5285340387643948,0.1742535368627415,-0.8308354368042097,0.0,1015.8705409029951,-91.51182118909253,-137.41494769780957,1.0
-0.8075886540604644,-0.40484522163198516,0.4288367541964274,0.0,-0.2616387061089939,0.8976298118988277,0.35469135547860126,0.0,-0.5285317423708628,0.17424441657450324,-0.8308388110784294,0.0,1015.86979704962,-91.45145552078677,-137.41468573983013,1.0
-0.8075841794691897,-0.40485993394767056,0.42883129254565056,0.0,-0.2616571583398375,0.8976249472402308,0.35469005637724577,0.0,-0.5285294457946469,0.17423529633017754,-0.8308421853469921,0.0,1015.869053196245,-91.391089852481,-137.41442378185067,1.0
-0.807579704582819,-0.404874646182944,0.4288258309200639,0.0,-0.2616756104763701,0.8976200822561567,0.35468875715531123,0.0,-0.528527149035748,0.17422617612976768,-0.8308455596098965,0.0,1015.8683093428699,-91.33072418417524,-137.41416182387124,1.0
-0.8075752294013544,-0.40488935833780026,0.4288203693196694,0.0,-0.26169406251858535,0.8976152169466076,0.35468745781279815,0.0,-0.5285248520941669,0.17421705597327697,-0.8308489338671413,0.0,1015.867565489495,-91.27035851586948,-137.4138998658918,1.0
-0.8075707539247972,-0.40490407041223386,0.42881490774446906,0.0,-0.2617125144664765,0.8976103513115851,0.3546861583497069,0.0,-0.5285225549699043,0.1742079358607086,-0.8308523081187253,0.0,1015.8668216361199,-91.20999284756371,-137.41363790791237,1.0
-0.8075662781531492,-0.40491878240623985,0.4288094461944647,0.0,-0.26173096632003695,0.8976054853510911,0.3546848587660381,0.0,-0.5285202576629612,0.1741988157920659,-0.8308556823646475,0.0,1015.8660777827448,-91.14962717925793,-137.41337594993294,1.0
-0.8075618020864118,-0.4049334943198126,0.42880398466965836,0.0,-0.26174941807926005,0.8976006190651271,0.35468355906179205,0.0,-0.5285179601733383,0.1741896957673522,-0.8308590566049064,0.0,1015.8653339293697,-91.08926151095217,-137.4131139919535,1.0
-0.8075573257245867,-0.40494820615294697,0.4287985231700521,0.0,-0.2617678697441391,0.897595752453695,0.3546822592369693,0.0,-0.5285156625010365,0.1741805757865707,-0.8308624308395011,0.0,1015.8645900759947,-91.0288958426464,-137.41285203397408,1.0
-0.8075528490676755,-0.4049629179056376,0.4287930616956478,0.0,-0.2617863213146676,0.8975908855167966,0.3546809592915703,0.0,-0.5285133646460567,0.1741714558497247,-0.8308658050684301,0.0,1015.8638462226196,-90.96853017434064,-137.41259007599461,1.0
-0.80754837211568,-0.40497762957787936,0.42878760024644735,0.0,-0.26180477279083875,0.8975860182544336,0.3546796592255955,0.0,-0.5285110666083996,0.17416233595681754,-0.8308691792916924,0.0,1015.8631023692445,-90.90816450603486,-137.41232811801518,1.0
-0.8075438948686015,-0.4049923411696667,0.4287821388224528,0.0,-0.26182322417264603,0.8975811506666076,0.35467835903904543,0.0,-0.528508768388066,0.17415321610785245,-0.8308725535092865,0.0,1015.8623585158695,-90.8477988377291,-137.41206616003575,1.0
-0.8075394173264419,-0.4050070526809945,0.42877667742366615,0.0,-0.2618416754600828,0.8975762827533206,0.3546770587319205,0.0,-0.5285064699850568,0.1741440963028327,-0.8308759277212114,0.0,1015.8616146624945,-90.78743316942334,-137.41180420205632,1.0
-0.8075349394892027,-0.4050217641118575,0.4287712160500894,0.0,-0.2618601266531423,0.8975714145145741,0.3546757583042212,0.0,-0.5285041713993729,0.1741349765417616,-0.830879301927466,0.0,1015.8608708091194,-90.72706750111757,-137.41154224407688,1.0
-0.8075304613568853,-0.4050364754622503,0.42876575470172434,0.0,-0.26187857775181794,0.8975665459503701,0.354674457755948,0.0,-0.528501872631015,0.17412585682464243,-0.8308826761280489,0.0,1015.8601269557444,-90.66670183281181,-137.41128028609745,1.0
-0.8075259829294917,-0.4050511867321676,0.428760293378573,0.0,-0.2618970287561032,0.8975616770607102,0.35467315708710145,0.0,-0.528499573679984,0.17411673715147846,-0.8308860503229589,0.0,1015.8593831023693,-90.60633616450603,-137.41101832811802,1.0
-0.8075215042070232,-0.40506589792160425,0.4287548320806374,0.0,-0.2619154796659914,0.8975568078455963,0.3546718562976819,0.0,-0.5284972745462806,0.17410761752227297,-0.8308894245121948,0.0,1015.8586392489942,-90.54597049620027,-137.41075637013856,1.0
-0.8075170251894815,-0.40508060903055476,0.4287493708079195,0.0,-0.2619339304814758,0.8975519383050299,0.35467055538768977,0.0,-0.5284949752299057,0.17409849793702925,-0.8308927986957554,0.0,1015.8578953956192,-90.4856048278945,-137.41049441215912,1.0
-0.8075125458768684,-0.40509532005901405,0.42874390956042135,0.0,-0.26195238120254977,0.8975470684390129,0.3546692543571256,0.0,-0.5284926757308603,0.17408937839575053,-0.8308961728736395,0.0,1015.8571515422441,-90.42523915958874,-137.4102324541797,1.0
-0.8075080662691853,-0.40511003100697657,0.42873844833814473,0.0,-0.2619708318292068,0.8975421982475471,0.3546679532059899,0.0,-0.5284903760491451,0.1740802588984402,-0.8308995470458459,0.0,1015.856407688869,-90.36487349128298,-137.40997049620026,1.0
-0.8075035863664337,-0.4051247418744373,0.4287329871410917,0.0,-0.2619892823614402,0.8975373277306342,0.35466665193428315,0.0,-0.5284880761847608,0.17407113944510144,-0.8309029212123733,0.0,1015.855663835494,-90.3045078229772,-137.40970853822083,1.0
-0.8074991061686155,-0.40513945266139084,0.42872752596926417,0.0,-0.2620077327992433,0.8975324568882761,0.35466535054200576,0.0,-0.5284857761377083,0.17406202003573756,-0.8309062953732206,0.0,1015.854919982119,-90.24414215467144,-137.4094465802414,1.0
-0.8074946256757323,-0.40515416336783183,0.4287220648226642,0.0,-0.2620261831426094,0.8975275857204741,0.35466404902915816,0.0,-0.5284834759079885,0.17405290067035187,-0.8309096695283865,0.0,1015.8541761287439,-90.18377648636567,-137.40918462226196,1.0
-0.8074901448877851,-0.405168873993755,0.42871660370129355,0.0,-0.262044633391532,0.8975227142272304,0.3546627473957409,0.0,-0.5284811754956021,0.1740437813489476,-0.8309130436778698,0.0,1015.8534322753688,-90.12341081805991,-137.4089226642825,1.0
-0.8074856638047764,-0.4051835845391551,0.42871114260515447,0.0,-0.2620630835460044,0.8975178424085466,0.3546614456417544,0.0,-0.5284788749005502,0.17403466207152807,-0.8309164178216693,0.0,1015.8526884219938,-90.06304514975415,-137.40866070630307,1.0
-0.8074811824267074,-0.4051982950040269,0.4287056815342489,0.0,-0.2620815336060199,0.8975129702644244,0.3546601437671992,0.0,-0.5284765741228334,0.17402554283809657,-0.8309197919597838,0.0,1015.8519445686187,-90.00267948144837,-137.40839874832363,1.0
-0.8074767007535797,-0.4052130053883649,0.4287002204885785,0.0,-0.262099983571572,0.8975080977948658,0.35465884177207563,0.0,-0.5284742731624525,0.17401642364865635,-0.8309231660922121,0.0,1015.8512007152436,-89.9423138131426,-137.4081367903442,1.0
-0.8074722187853949,-0.405227715692164,0.4286947594681455,0.0,-0.2621184334426539,0.8975032249998721,0.3546575396563843,0.0,-0.5284719720194084,0.17400730450321067,-0.8309265402189528,0.0,1015.8504568618686,-89.88194814483684,-137.40787483236477,1.0
-0.8074677365221548,-0.4052424259154189,0.42868929847295184,0.0,-0.2621368832192591,0.8974983518794456,0.3546562374201256,0.0,-0.528469670693702,0.1739981854017629,-0.8309299143400051,0.0,1015.8497130084936,-89.82158247653108,-137.40761287438534,1.0
-0.8074632539638606,-0.4052571360581242,0.4286838375029993,0.0,-0.26215533290138093,0.8974934784335876,0.35465493506330004,0.0,-0.528467369185334,0.1739890663443162,-0.8309332884553674,0.0,1015.8489691551185,-89.7612168082253,-137.4073509164059,1.0
-0.8074587711105145,-0.40527184612027467,0.42867837655829016,0.0,-0.2621737824890127,0.8974886046623,0.35465363258590804,0.0,-0.5284650674943053,0.17397994733087396,-0.8309366625650387,0.0,1015.8482253017435,-89.70085113991954,-137.40708895842644,1.0
-0.8074542879621175,-0.40528655610186504,0.4286729156388261,0.0,-0.26219223198214786,0.8974837305655848,0.35465232998795015,0.0,-0.5284627656206168,0.1739708283614394,-0.8309400366690177,0.0,1015.8474814483684,-89.64048547161377,-137.406827000447,1.0
-0.8074498045186717,-0.40530126600288996,0.4286674547446092,0.0,-0.26221068138077963,0.8974788561434432,0.3546510272694267,0.0,-0.528460463564269,0.1739617094360158,-0.830943410767303,0.0,1015.8467375949933,-89.58011980330801,-137.40656504246758,1.0
-0.8074453207801784,-0.40531597582334417,0.42866199387564147,0.0,-0.2622291306849015,0.8974739813958774,0.35464972443033826,0.0,-0.5284581613252631,0.17395259055460646,-0.8309467848598938,0.0,1015.8459937416183,-89.51975413500224,-137.40630308448814,1.0
-0.8074408367466394,-0.40533068556322244,0.4286565330319248,0.0,-0.2622475798945068,0.8974691063228892,0.35464842147068537,0.0,-0.5284558589035998,0.17394347171721466,-0.8309501589467886,0.0,1015.8452498882432,-89.45938846669647,-137.4060411265087,1.0
-0.8074363524180561,-0.40534539522251933,0.4286510722134611,0.0,-0.26226602900958895,0.8974642309244801,0.3546471183904683,0.0,-0.52845355629928,0.17393435292384368,-0.8309535330279862,0.0,1015.8445060348681,-89.3990227983907,-137.40577916852928,1.0
-0.8074318677944304,-0.40536010480122964,0.42864561142025254,0.0,-0.26228447803014115,0.897459355200652,0.35464581518968774,0.0,-0.5284512535123044,0.17392523417449682,-0.8309569071034856,0.0,1015.8437621814932,-89.33865713008494,-137.40551721054985,1.0
-0.8074273828757638,-0.40537481429934813,0.4286401506523009,0.0,-0.2623029269561569,0.8974544791514066,0.35464451186834395,0.0,-0.5284489505426739,0.1739161154691773,-0.8309602811732852,0.0,1015.8430183281181,-89.27829146177918,-137.4052552525704,1.0
-0.8074228976620578,-0.40538952371686937,0.4286346899096082,0.0,-0.26232137578762954,0.8974496027767456,0.35464320842643754,0.0,-0.5284466473903892,0.17390699680788843,-0.830963655237384,0.0,1015.842274474743,-89.21792579347341,-137.40499329459095,1.0
-0.807418412153314,-0.40540423305378814,0.4286292291921764,0.0,-0.26233982452455246,0.8974447260766707,0.3546419048639689,0.0,-0.5284443440554513,0.17389787819063351,-0.8309670292957809,0.0,1015.841530621368,-89.15756012516763,-137.40473133661152,1.0
-0.8074139263495342,-0.4054189423100993,0.4286237685000074,0.0,-0.2623582731669189,0.897439849051184,0.3546406011809386,0.0,-0.528442040537861,0.17388875961741582,-0.8309704033484747,0.0,1015.8407867679929,-89.09719445686187,-137.4044693786321,1.0
-0.80740944025072,-0.4054336514857973,0.4286183078331033,0.0,-0.2623767217147223,0.8974349717002869,0.354639297377347,0.0,-0.528439736837619,0.1738796410882386,-0.830973777395464,0.0,1015.8400429146178,-89.03682878855611,-137.40420742065265,1.0
-0.8074049538568729,-0.4054483605808769,0.42861284719146603,0.0,-0.2623951701679561,0.8974300940239812,0.3546379934531947,0.0,-0.5284374329547264,0.1738705226031052,-0.8309771514367476,0.0,1015.8392990612427,-88.97646312025034,-137.40394546267322,1.0
-0.8074004671679945,-0.40546306959533296,0.42860738657509745,0.0,-0.26241361852661355,0.8974252160222689,0.354636689408482,0.0,-0.5284351288891838,0.1738614041620188,-0.8309805254723243,0.0,1015.8385552078677,-88.91609745194458,-137.4036835046938,1.0
-0.8073959801840865,-0.40547777852916006,0.42860192598399965,0.0,-0.26243206679068803,0.8974203376951514,0.35463538524320937,0.0,-0.528432824640992,0.17385228576498282,-0.830983899502193,0.0,1015.8378113544927,-88.8557317836388,-137.40342154671436,1.0
-0.8073914929051504,-0.405492487382353,0.42859646541817453,0.0,-0.26245051496017296,0.8974154590426308,0.3546340809573775,0.0,-0.5284305202101519,0.1738431674120004,-0.8309872735263523,0.0,1015.8370675011176,-88.79536611533304,-137.4031595887349,1.0
-0.8073870053311881,-0.40550719615490644,0.428591004877624,0.0,-0.2624689630350617,0.8974105800647084,0.35463277655098663,0.0,-0.5284282155966643,0.1738340491030749,-0.8309906475448012,0.0,1015.8363236477426,-88.73500044702728,-137.40289763075546,1.0
-0.8073825174622009,-0.405521904846815,0.42858554436235025,0.0,-0.26248741101534756,0.8974057007613866,0.35463147202403744,0.0,-0.5284259108005303,0.17382493083820957,-0.8309940215575384,0.0,1015.8355797943675,-88.67463477872151,-137.40263567277603,1.0
-0.8073780292981905,-0.4055366134580735,0.42858008387235497,0.0,-0.2625058589010239,0.8974008211326667,0.3546301673765301,0.0,-0.5284236058217502,0.17381581261740772,-0.8309973955645626,0.0,1015.8348359409924,-88.61426911041573,-137.4023737147966,1.0
-0.8073735408391586,-0.4055513219886767,0.42857462340764024,0.0,-0.2625243066920841,0.8973959411785505,0.35462886260846543,0.0,-0.5284213006603253,0.1738066944406726,-0.8310007695658727,0.0,1015.8340920876174,-88.55390344210997,-137.40211175681716,1.0
-0.8073690520851068,-0.40556603043861916,0.428569162968208,0.0,-0.2625427543885216,0.89739106089904,0.3546275577198436,0.0,-0.5284189953162562,0.17379757630800752,-0.8310041435614675,0.0,1015.8333482342423,-88.4935377738042,-137.40184979883773,1.0
-0.8073645630360364,-0.40558073880789564,0.42856370255406034,0.0,-0.2625612019903296,0.8973861802941365,0.3546262527106653,0.0,-0.5284166897895439,0.17378845821941571,-0.8310075175513457,0.0,1015.8326043808672,-88.43317210549844,-137.4015878408583,1.0
-0.8073600736919495,-0.4055954470965009,0.4285582421651991,0.0,-0.2625796494975016,0.8973812993638421,0.3546249475809308,0.0,-0.528414384080189,0.1737793401749005,-0.831010891535506,0.0,1015.8318605274923,-88.37280643719268,-137.40132588287884,1.0
-0.8073555840528475,-0.4056101553044296,0.42855278180162615,0.0,-0.262598096910031,0.8973764181081585,0.35462364233064075,0.0,-0.5284120781881925,0.17377022217446514,-0.8310142655139474,0.0,1015.8311166741172,-88.3124407688869,-137.4010639248994,1.0
-0.8073510941187318,-0.4056248634316765,0.4285473214633437,0.0,-0.26261654422791103,0.8973715365270875,0.35462233695979556,0.0,-0.5284097721135551,0.17376110421811294,-0.8310176394866686,0.0,1015.8303728207421,-88.25207510058114,-137.40080196691997,1.0
-0.8073466038896044,-0.40563957147823626,0.4285418611503535,0.0,-0.26263499145113506,0.8973666546206307,0.35462103146839563,0.0,-0.5284074658562777,0.17375198630584715,-0.8310210134536683,0.0,1015.8296289673671,-88.19170943227537,-137.40054000894054,1.0
-0.8073421133654669,-0.4056542794441036,0.42853640086265765,0.0,-0.2626534385796966,0.8973617723887901,0.3546197258564415,0.0,-0.5284051594163612,0.1737428684376711,-0.8310243874149454,0.0,1015.828885113992,-88.13134376396961,-137.4002780509611,1.0
-0.8073376225463205,-0.40566898732927315,0.428530940600258,0.0,-0.26267188561358884,0.8973568898315671,0.3546184201239337,0.0,-0.5284028527938064,0.17373375061358798,-0.8310277613704987,0.0,1015.8281412606169,-88.07097809566383,-137.40001609298167,1.0
-0.8073331314321672,-0.4056836951337398,0.4285254803631567,0.0,-0.2626903325528053,0.8973520069489639,0.3546171142708725,0.0,-0.528400545988614,0.17372463283360115,-0.8310311353203268,0.0,1015.8273974072418,-88.01061242735807,-137.39975413500224,1.0
-0.8073286400230085,-0.40569840285749814,0.4285200201513555,0.0,-0.26270877939733916,0.8973471237409818,0.3546158082972586,0.0,-0.528398239000785,0.17371551509771385,-0.8310345092644287,0.0,1015.8266535538668,-87.9502467590523,-137.39949217702278,1.0
-0.8073241483188459,-0.4057131105005429,0.4285145599648564,0.0,-0.26272722614718397,0.8973422402076229,0.3546145022030923,0.0,-0.5283959318303202,0.17370639740592939,-0.8310378832028031,0.0,1015.8259097004918,-87.88988109074654,-137.39923021904335,1.0
-0.8073196563196813,-0.40572781806286873,0.42850909980366153,0.0,-0.262745672802333,0.8973373563488888,0.35461319598837415,0.0,-0.5283936244772203,0.17369727975825103,-0.8310412571354489,0.0,1015.8251658471168,-87.82951542244078,-137.3989682610639,1.0
-0.8073151640255161,-0.40574252554447043,0.4285036396677728,0.0,-0.2627641193627796,0.8973324721647813,0.35461188965310464,0.0,-0.5283913169414861,0.17368816215468202,-0.8310446310623646,0.0,1015.8244219937417,-87.76914975413501,-137.39870630308448,1.0
-0.8073106714363517,-0.40575723294534266,0.4284981795571919,0.0,-0.2627825658285172,0.8973275876553022,0.35461058319728417,0.0,-0.5283890092231187,0.17367904459522573,-0.8310480049835492,0.0,1015.8236781403666,-87.70878408582924,-137.39844434510505,1.0
-0.8073061785521902,-0.40577194026548014,0.42849271947192125,0.0,-0.2628010121995391,0.8973227028204531,0.35460927662091324,0.0,-0.5283867013221187,0.17366992707988538,-0.8310513788990016,0.0,1015.8229342869915,-87.64841841752347,-137.39818238712562,1.0
-0.807301685373033,-0.4057866475048776,0.4284872594119624,0.0,-0.2628194584758387,0.897317817660236,0.35460796992399235,0.0,-0.5283843932384871,0.1736608096086642,-0.8310547528087203,0.0,1015.8221904336165,-87.58805274921771,-137.39792042914618,1.0
-0.8072971918988816,-0.40580135466352973,0.4284817993773176,0.0,-0.26283790465740936,0.8973129321746524,0.35460666310652184,0.0,-0.5283820849722245,0.1736516921815656,-0.8310581267127042,0.0,1015.8214465802414,-87.52768708091195,-137.39765847116672,1.0
-0.8072926981297377,-0.4058160617414312,0.4284763393679887,0.0,-0.2628563507442444,0.8973080463637042,0.3546053561685024,0.0,-0.528379776523332,0.17364257479859274,-0.8310615006109522,0.0,1015.8207027268663,-87.46732141260617,-137.3973965131873,1.0
-0.8072882040656031,-0.40583076873857676,0.4284708793839776,0.0,-0.26287479673633724,0.8973031602273933,0.35460404910993437,0.0,-0.5283774678918102,0.17363345745974892,-0.831064874503463,0.0,1015.8199588734914,-87.4069557443004,-137.39713455520786,1.0
-0.807283709706479,-0.40584547565496115,0.42846541942528643,0.0,-0.2628932426336812,0.897298273765721,0.3546027419308182,0.0,-0.5283751590776601,0.1736243401650375,-0.8310682483902353,0.0,1015.8192150201163,-87.34659007599464,-137.39687259722842,1.0
-0.8072792150523677,-0.40586018249057915,0.428459959491917,0.0,-0.2629116884362697,0.8972933869786897,0.35460143463115446,0.0,-0.5283728500808823,0.17361522291446166,-0.831071622271268,0.0,1015.8184711667412,-87.28622440768888,-137.396610639249,1.0
