Xx,Xy,Xz,0,Yx,Yy,Yz,0,Zx,Zy,Zz,0,Px,Py,Pz,1
0.7819557938313664,0.4543731306294692,0.4267202768272596,0.0,0.34876668321502186,-0.8863149218787075,0.3046434964582921,0.0,0.5166303680318748,-0.08939193149896756,-0.8515292980339159,0.0,866.085,44.97,-136.704,1.0
0.7819459233139139,0.45439082991818225,0.4267195175921077,0.0,0.3487723625734582,-0.8863044876937959,0.3046673500619835,0.0,0.5166414734733399,-0.08940541804123778,-0.8515211442513876,0.0,866.0852622201919,44.909625399725904,-136.70401233439927,1.0
0.7819360526155931,0.4544085290840074,0.4267187578437957,0.0,0.3487780415357079,-0.8862940529148579,0.3046912035001502,0.0,0.5166525789566518,-0.08941890428518248,-0.8515129900324343,0.0,866.0855244403838,44.8492507994518,-136.70402466879855,1.0
0.7819261817364112,0.45442622812693156,0.4267179975823245,0.0,0.34878372010176684,-0.8862836175419014,0.3047150567727743,0.0,0.5166636844818021,-0.08943239023079161,-0.8515048353770623,0.0,866.0857866605756,44.78887619917771,-136.7040370031978,1.0
0.7819163106763759,0.45444392704694125,0.42671723680769436,0.0,0.34878939827163064,-0.8862731815749341,0.3047389098798378,0.0,0.5166747900487825,-0.08944587587805491,-0.8514966802852776,0.0,866.0860488807675,44.728501598903605,-136.70404933759707,1.0
0.7819064394354945,0.4544616258440233,0.42671647551990605,0.0,0.3487950760452952,-0.8862627450139643,0.3047627628213229,0.0,0.5166858956575846,-0.0894593612269624,-0.8514885247570866,0.0,866.0863111009594,44.66812699862951,-136.70406167199636,1.0
0.7818965680137743,0.4544793245181642,0.42671571371896,0.0,0.348800753422756,-0.8862523078589993,0.3047866155972116,0.0,0.5166970013082,-0.08947284627750379,-0.8514803687924949,0.0,866.0865733211513,44.607752398355416,-136.70407400639562,1.0
0.781886696411223,0.4544970230693509,0.4267149514048569,0.0,0.3488064304040091,-0.8862418701100473,0.304810468207486,0.0,0.5167081070006205,-0.0894863310296691,-0.8514722123915092,0.0,866.0868355413431,44.547377798081314,-136.7040863407949,1.0
0.7818768246278478,0.4545147214975699,0.4267141885775972,0.0,0.34881210698904985,-0.8862314317671159,0.30483432065212807,0.0,0.5167192127348377,-0.08949981548344803,-0.8514640555541351,0.0,866.087097761535,44.48700319780722,-136.70409867519416,1.0
0.7818669526636562,0.45453241980280806,0.42671342523718164,0.0,0.3488177831778743,-0.8862209928302133,0.30485817293112005,0.0,0.5167303185108432,-0.08951329963883058,-0.8514558982803792,0.0,866.0873599817269,44.42662859753312,-136.70411100959342,1.0
0.7818570805186555,0.454550117985052,0.4267126613836107,0.0,0.3488234589704781,-0.886210553299347,0.30488202504444395,0.0,0.5167414243286288,-0.08952678349580658,-0.8514477405702473,0.0,866.0876222019187,44.36625399725902,-136.7041233439927,1.0
0.7818472081928535,0.4545678160442884,0.4267118970168849,0.0,0.34882913436685686,-0.8862001131745247,0.30490587699208177,0.0,0.5167525301881859,-0.08954026705436582,-0.8514395824237456,0.0,866.0878844221106,44.30587939698492,-136.70413567839196,1.0
0.781837335686257,0.454585513980504,0.4267111321370049,0.0,0.34883480936700645,-0.8861896724557548,0.3049297287740157,0.0,0.5167636360895064,-0.08955375031449829,-0.8514314238408804,0.0,866.0881466423025,44.245504796710826,-136.70414801279122,1.0
0.781827462998874,0.45460321179368546,0.4267103667439713,0.0,0.3488404839709226,-0.8861792311430448,0.30495358039022774,0.0,0.5167747420325818,-0.0895672332761938,-0.8514232648216578,0.0,866.0884088624944,44.18513019643673,-136.7041603471905,1.0
0.7818175901307114,0.45462090948381945,0.4267096008377845,0.0,0.3488461581786009,-0.8861687892364025,0.3049774318407,0.0,0.5167858480174038,-0.08958071593944215,-0.8514151053660837,0.0,866.0886710826862,44.12475559616263,-136.70417268158977,1.0
0.781807717081777,0.4546386070508928,0.42670883441844526,0.0,0.3488518319900372,-0.8861583467358359,0.30500128312541447,0.0,0.5167969540439641,-0.08959419830423333,-0.8514069454741644,0.0,866.0889333028781,44.064380995888534,-136.70418501598905,1.0
0.7817978438520782,0.4546563044948921,0.426708067485954,0.0,0.3488575054052273,-0.8861479036413527,0.3050251342443533,0.0,0.5168080601122542,-0.08960768037055712,-0.8513987851459061,0.0,866.08919552307,44.00400639561443,-136.7041973503883,1.0
0.7817879704416223,0.45467400181580403,0.42670730004031154,0.0,0.3488631784241669,-0.8861374599529611,0.3050489851974986,0.0,0.516819166222266,-0.08962116213840346,-0.8513906243813147,0.0,866.0894577432618,43.94363179534034,-136.70420968478757,1.0
0.7817780968504168,0.45469169901361545,0.4267065320815183,0.0,0.3488688510468516,-0.8861270156706684,0.3050728359848325,0.0,0.5168302723739909,-0.08963464360776215,-0.8513824631803966,0.0,866.0897199634537,43.88325719506624,-136.70422201918686,1.0
0.7817682230784689,0.4547093960883129,0.4267057636095748,0.0,0.34887452327327734,-0.8861165707944828,0.3050966866063368,0.0,0.5168413785674209,-0.08964812477862306,-0.8513743015431577,0.0,866.0899821836456,43.82288259479214,-136.70423435358612,1.0
0.7817583491257865,0.4547270930398832,0.42670499462448175,0.0,0.3488801951034397,-0.8861061253244122,0.3051205370619939,0.0,0.5168524848025472,-0.08966160565097613,-0.8513661394696044,0.0,866.0902444038375,43.762507994518046,-136.70424668798537,1.0
0.7817484749923763,0.45474478986831285,0.42670422512623946,0.0,0.34888586653733444,-0.8860956792604641,0.3051443873517856,0.0,0.5168635910793618,-0.08967508622481112,-0.8513579769597425,0.0,866.0905066240292,43.702133394243944,-136.70425902238466,1.0
0.7817386006782464,0.4547624865735887,0.4267034551148489,0.0,0.3488915375749574,-0.8860852326026468,0.3051682374756942,0.0,0.5168746973978562,-0.08968856650011801,-0.8513498140135783,0.0,866.0907688442211,43.64175879396985,-136.70427135678392,1.0
0.7817287261834038,0.4547801831556974,0.4267026845903103,0.0,0.34889720821630416,-0.886074785350968,0.3051920874337017,0.0,0.5168858037580221,-0.0897020464768866,-0.8513416506311181,0.0,866.091031064413,43.581384193695754,-136.7042836911832,1.0
0.7817188515078562,0.45479787961462587,0.42670191355262455,0.0,0.34890287846137064,-0.8860643375054353,0.30521593722579016,0.0,0.5168969101598511,-0.08971552615510682,-0.8513334868123679,0.0,866.0912932846048,43.52100959342165,-136.70429602558247,1.0
0.781708976651611,0.4548155759503605,0.42670114200179204,0.0,0.34890854831015244,-0.8860538890660569,0.30523978685194164,0.0,0.516908016603335,-0.08972900553476844,-0.8513253225573338,0.0,866.0915555047967,43.46063499314756,-136.70430835998172,1.0
0.7816991016146754,0.45483327216288816,0.4267003699378133,0.0,0.34891421776264536,-0.8860434400328403,0.30526363631213815,0.0,0.5169191230884652,-0.08974248461586143,-0.8513171578660219,0.0,866.0918177249886,43.400260392873456,-136.704320694381,1.0
0.781689226397057,0.4548509682521954,0.426699597360689,0.0,0.3489198868188451,-0.8860329904057936,0.30528748560636193,0.0,0.5169302296152336,-0.08975596339837559,-0.8513089927384383,0.0,866.0920799451804,43.33988579259936,-136.70433302878027,1.0
0.7816793509987631,0.45486866421826916,0.4266988242704199,0.0,0.34892555547874754,-0.8860225401849248,0.30531133473459504,0.0,0.5169413361836317,-0.08976944188230085,-0.8513008271745893,0.0,866.0923421653723,43.27951119232526,-136.70434536317953,1.0
0.7816694754198011,0.45488636006109595,0.4266980506670061,0.0,0.34893122374234814,-0.8860120893702412,0.3053351836968194,0.0,0.5169524427936513,-0.08978292006762703,-0.8512926611744811,0.0,866.0926043855642,43.219136592051164,-136.7043576975788,1.0
0.7816595996601786,0.45490405578066256,0.42669727655044865,0.0,0.34893689160964286,-0.8860016379617514,0.30535903249301716,0.0,0.5169635494452839,-0.08979639795434402,-0.8512844947381195,0.0,866.0928666057561,43.15876199177707,-136.70437003197807,1.0
0.7816497237199029,0.4549217513769556,0.426696501920748,0.0,0.3489425590806274,-0.8859911859594626,0.3053828811231705,0.0,0.5169746561385211,-0.08980987554244169,-0.8512763278655109,0.0,866.0931288259479,43.09838739150297,-136.70438236637736,1.0
0.7816398475989815,0.45493944684996185,0.42669572677790457,0.0,0.3489482261552975,-0.885980733363383,0.3054067295872614,0.0,0.5169857628733548,-0.08982335283190995,-0.8512681605566614,0.0,866.0933910461398,43.03801279122887,-136.70439470077662,1.0
0.7816299712974217,0.454957142199668,0.42669495112191913,0.0,0.34895389283364886,-0.8859702801735203,0.3054305778852719,0.0,0.5169968696497765,-0.08983682982273859,-0.8512599928115772,0.0,866.0936532663317,42.97763819095477,-136.70440703517588,1.0
0.7816200948152311,0.45497483742606076,0.4266941749527922,0.0,0.3489595591156772,-0.8859598263898825,0.30545442601718414,0.0,0.5170079764677779,-0.08985030651491754,-0.8512518246302642,0.0,866.0939154865235,42.917263590680676,-136.70441936957516,1.0
0.7816102181524168,0.45499253252912686,0.4266933982705243,0.0,0.34896522500137844,-0.8859493720124774,0.3054782739829802,0.0,0.5170190833273506,-0.08986378290843669,-0.8512436560127288,0.0,866.0941777067154,42.85688899040658,-136.70443170397442,1.0
0.7816003413089867,0.4550102275088529,0.42669262107511613,0.0,0.34897089049074814,-0.8859389170413127,0.3055021217826422,0.0,0.5170301902284863,-0.08987725900328584,-0.851235486958977,0.0,866.0944399269073,42.79651439013248,-136.70444403837368,1.0
0.7815904642849477,0.4550279223652256,0.4266918433665681,0.0,0.348976555583782,-0.8859284614763964,0.3055259694161521,0.0,0.5170412971711766,-0.0898907347994549,-0.8512273174690148,0.0,866.0947021470992,42.736139789858385,-136.70445637277297,1.0
0.7815805870803078,0.4550456170982319,0.4266910651448811,0.0,0.348982220280476,-0.8859180053177366,0.3055498168834921,0.0,0.5170524041554132,-0.0899042102969338,-0.8512191475428488,0.0,866.094964367291,42.67576518958428,-136.70446870717223,1.0
0.7815707096950739,0.4550633117078581,0.4266902864100554,0.0,0.34898788458082564,-0.8859075485653407,0.30557366418464416,0.0,0.5170635111811877,-0.08991768549571232,-0.8512109771804846,0.0,866.0952265874829,42.61539058931019,-136.7044810415715,1.0
0.7815608321292536,0.4550810061940911,0.42668950716209175,0.0,0.3489935484848268,-0.8858970912192169,0.3055975113195904,0.0,0.5170746182484919,-0.08993116039578036,-0.8512028063819286,0.0,866.0954888076748,42.55501598903609,-136.70449337597077,1.0
0.7815509543828545,0.45509870055691765,0.4266887274009907,0.0,0.34899921199247513,-0.8858866332793727,0.305621358288313,0.0,0.5170857253573172,-0.08994463499712782,-0.8511946351471871,0.0,866.0957510278666,42.49464138876199,-136.70450571037003,1.0
0.7815410764558838,0.4551163947963245,0.4266879471267528,0.0,0.34900487510376643,-0.8858761747458164,0.30564520509079385,0.0,0.5170968325076555,-0.08995810929974456,-0.8511864634762659,0.0,866.0960132480585,42.434266788487896,-136.70451804476932,1.0
0.7815311983483488,0.4551340889122982,0.42668716633937875,0.0,0.3490105378186966,-0.8858657156185556,0.30566905172701525,0.0,0.5171079396994983,-0.0899715833036205,-0.8511782913691714,0.0,866.0962754682504,42.373892188213794,-136.70453037916857,1.0
0.7815213200602573,0.45515178290482544,0.42668638503886896,0.0,0.34901620013726103,-0.8858552558975981,0.3056928981969591,0.0,0.5171190469328373,-0.08998505700874539,-0.8511701188259096,0.0,866.0965376884423,42.3135175879397,-136.70454271356783,1.0
0.7815114415916167,0.4551694767738932,0.42668560322522425,0.0,0.34902186205945585,-0.885844795582952,0.30571674450060754,0.0,0.5171301542076642,-0.08999853041510925,-0.8511619458464869,0.0,866.0967999086341,42.2531429876656,-136.70455504796712,1.0
0.7815015629424341,0.4551871705194878,0.426684820898445,0.0,0.34902752358527644,-0.885834334674625,0.3057405906379426,0.0,0.5171412615239706,-0.09001200352270185,-0.851153772430909,0.0,866.097062128826,42.1927683873915,-136.70456738236638,1.0
0.781491684112717,0.4552048641415961,0.4266840380585318,0.0,0.34903318471471884,-0.885823873172625,0.30576443660894653,0.0,0.5171523688817481,-0.09002547633151309,-0.8511455985791824,0.0,866.0973243490179,42.13239378711741,-136.70457971676566,1.0
0.7814818051024731,0.455222557640205,0.42668325470548535,0.0,0.34903884544777863,-0.8858134110769599,0.30578828241360123,0.0,0.5171634762809885,-0.09003894884153284,-0.8511374242913129,0.0,866.0975865692097,42.072019186843306,-136.70459205116492,1.0
0.7814719259117096,0.4552402510153009,0.4266824708393062,0.0,0.34904450578445156,-0.8858029483876373,0.30581212805188884,0.0,0.5171745837216832,-0.09005242105275102,-0.8511292495673071,0.0,866.0978487894016,42.01164458656921,-136.70460438556418,1.0
0.7814620465404339,0.45525794426687066,0.4266816864599949,0.0,0.3490501657247335,-0.8857924851046656,0.3058359735237914,0.0,0.5171856912038242,-0.09006589296515749,-0.8511210744071708,0.0,866.0981110095935,41.95126998629511,-136.70461671996347,1.0
0.7814521669886536,0.455275637394901,0.4266809015675522,0.0,0.34905582526862017,-0.8857820212280522,0.30585981882929114,0.0,0.5171967987274029,-0.0900793645787421,-0.8511128988109102,0.0,866.0983732297854,41.890895386021015,-136.70462905436273,1.0
0.7814422872563759,0.4552933303993785,0.42668011616197843,0.0,0.34906148441610707,-0.8857715567578051,0.3058836639683699,0.0,0.517207906292411,-0.09009283589349473,-0.8511047227785317,0.0,866.0986354499772,41.83052078574692,-136.70464138876198,1.0
0.7814324073436084,0.45531102328029,0.4266793302432743,0.0,0.3490671431671903,-0.885761091693932,0.30590750894100993,0.0,0.5172190138988403,-0.09010630690940524,-0.8510965463100411,0.0,866.0988976701691,41.77014618547282,-136.70465372316127,1.0
0.7814225272503584,0.45532871603762215,0.4266785438114405,0.0,0.3490728015218654,-0.8857506260364411,0.3059313537471932,0.0,0.5172301215466821,-0.09011977762646357,-0.8510883694054447,0.0,866.099159890361,41.70977158519872,-136.70466605756053,1.0
0.7814126469766336,0.45534640867136156,0.42667775686647746,0.0,0.34907845948012817,-0.8857401597853402,0.305955198386902,0.0,0.5172412292359285,-0.09013324804465953,-0.8510801920647486,0.0,866.0994221105528,41.64939698492462,-136.70467839195982,1.0
0.7814027665224409,0.4553641011814952,0.42667696940838595,0.0,0.3490841170419743,-0.8857296929406369,0.3059790428601182,0.0,0.5172523369665708,-0.09014671816398304,-0.851072014287959,0.0,866.0996843307447,41.58902238465053,-136.70469072635908,1.0
0.7813928858877882,0.4553817935680094,0.4266761814371664,0.0,0.34908977420739973,-0.8857192255023394,0.3060028871668239,0.0,0.5172634447386009,-0.09016018798442396,-0.8510638360750821,0.0,866.0999465509366,41.52864778437643,-136.70470306075833,1.0
0.7813830050726829,0.4553994858308912,0.42667539295281937,0.0,0.34909543097639995,-0.8857087574704552,0.3060267313070013,0.0,0.5172745525520102,-0.09017365750597213,-0.8510556574261238,0.0,866.1002087711285,41.46827318410233,-136.70471539515762,1.0
0.7813731240771321,0.45541717797012704,0.42667460395534573,0.0,0.3491010873489709,-0.8856982888449925,0.30605057528063234,0.0,0.5172856604067906,-0.0901871267286175,-0.8510474783410905,0.0,866.1004709913203,41.407898583828235,-136.70472772955688,1.0
0.7813632429011433,0.45543486998570387,0.42667381444474567,0.0,0.34910674332510816,-0.8856878196259589,0.3060744190876992,0.0,0.5172967683029335,-0.09020059565234989,-0.8510392988199882,0.0,866.1007332115122,41.34752398355413,-136.70474006395614,1.0
0.7813533615447243,0.45545256187760824,0.4266730244210202,0.0,0.3491123989048076,-0.8856773498133625,0.3060982627281839,0.0,0.5173078762404307,-0.09021406427715921,-0.8510311188628231,0.0,866.1009954317041,41.28714938328004,-136.70475239835542,1.0
0.7813434800078823,0.4554702536458269,0.4266722338841695,0.0,0.34911805408806496,-0.8856668794072109,0.3061221062020686,0.0,0.517318984219274,-0.09022753260303533,-0.8510229384696015,0.0,866.1012576518958,41.226774783005936,-136.70476473275468,1.0
0.7813335982906245,0.4554879452903466,0.42667144283419467,0.0,0.34912370887487604,-0.8856564084075124,0.3061459495093354,0.0,0.5173300922394549,-0.09024100062996815,-0.8510147576403294,0.0,866.1015198720877,41.16640018273184,-136.70477706715397,1.0
0.7813237163929587,0.45550563681115386,0.4266706512710959,0.0,0.3491293632652365,-0.8856459368142745,0.3061697926499662,0.0,0.5173412003009649,-0.09025446835794751,-0.8510065763750129,0.0,866.1017820922796,41.10602558245775,-136.70478940155323,1.0
0.781313834314892,0.4555233282082355,0.42666985919487377,0.0,0.3491350172591421,-0.8856354646275052,0.3061936356239432,0.0,0.5173523084037959,-0.09026793578696327,-0.8509983946736581,0.0,866.1020443124714,41.045650982183645,-136.7048017359525,1.0
0.781303952056432,0.45554101948157827,0.42666906660552906,0.0,0.3491406708565886,-0.8856249918472123,0.30621747843124847,0.0,0.5173634165479394,-0.09028140291700537,-0.8509902125362713,0.0,866.1023065326633,40.98527638190955,-136.70481407035177,1.0
0.7812940696175862,0.45555871063116893,0.4266682735030624,0.0,0.3491463240575718,-0.8856145184734037,0.30624132107186414,0.0,0.5173745247333872,-0.09029486974806367,-0.8509820299628587,0.0,866.1025687528552,40.92490178163545,-136.70482640475103,1.0
0.7812841869983618,0.455576401656994,0.42666747988747417,0.0,0.3491519768620874,-0.8856040445060873,0.30626516354577227,0.0,0.5173856329601307,-0.090308336280128,-0.8509738469534261,0.0,866.102830973047,40.86452718136135,-136.7048387391503,1.0
0.7812743041987665,0.4555940925590403,0.4266666857587652,0.0,0.34915762927013116,-0.8855935699452712,0.30628900585295493,0.0,0.5173967412281618,-0.09032180251318832,-0.8509656635079801,0.0,866.1030931932389,40.80415258108726,-136.70485107354958,1.0
0.7812644212188075,0.45561178333729446,0.4266658911169359,0.0,0.3491632812816988,-0.8855830947909628,0.30631284799339414,0.0,0.5174078495374721,-0.09033526844723445,-0.8509574796265267,0.0,866.1033554134308,40.74377798081316,-136.70486340794884,1.0
0.7812545380584923,0.45562947399174336,0.426665095961987,0.0,0.34916893289678613,-0.8855726190431701,0.30633668996707203,0.0,0.5174189578880531,-0.0903487340822563,-0.8509492953090718,0.0,866.1036176336227,40.68340338053906,-136.70487574234812,1.0
0.7812446547178283,0.4556471645223735,0.42666430029391905,0.0,0.34917458411538893,-0.8855621427019013,0.30636053177397066,0.0,0.5174300662798967,-0.09036219941824375,-0.8509411105556219,0.0,866.1038798538145,40.62302878026496,-136.70488807674738,1.0
0.7812347711968232,0.4556648549291717,0.4266635041127325,0.0,0.34918023493750283,-0.8855516657671639,0.30638437341407226,0.0,0.5174411747129943,-0.09037566445518663,-0.8509329253661828,0.0,866.1041420740064,40.562654179990865,-136.70490041114664,1.0
0.7812248874954839,0.45568254521212453,0.42666270741842827,0.0,0.34918588536312367,-0.885541188238966,0.3064082148873587,0.0,0.5174522831873377,-0.09038912919307489,-0.850924739740761,0.0,866.1044042941983,40.50227957971677,-136.70491274554593,1.0
0.7812150036138183,0.45570023537121895,0.42666191021100663,0.0,0.34919153539224723,-0.8855307101173154,0.30643205619381214,0.0,0.5174633917029187,-0.09040259363189837,-0.8509165536793626,0.0,866.1046665143901,40.44190497944267,-136.70492507994518,1.0
0.7812051195518336,0.45571792540644146,0.4266611124904684,0.0,0.34919718502486913,-0.8855202314022198,0.3064558973334147,0.0,0.5174745002597285,-0.09041605777164696,-0.8509083671819935,0.0,866.104928734582,40.381530379168574,-136.70493741434444,1.0
0.7811952353095373,0.45573561531777873,0.4266603142568141,0.0,0.3492028342609853,-0.8855097520936874,0.3064797383061485,0.0,0.5174856088577592,-0.09042952161231058,-0.85090018024866,0.0,866.1051909547739,40.32115577889447,-136.70494974874373,1.0
0.7811853508869367,0.4557533051052177,0.4266595155100444,0.0,0.34920848310059144,-0.885499272191726,0.30650357911199555,0.0,0.5174967174970022,-0.09044298515387907,-0.8508919928793683,0.0,866.1054531749658,40.26078117862038,-136.704962083143,1.0
0.7811754662840394,0.45577099476874494,0.42665871625015966,0.0,0.34921413154368325,-0.8854887916963433,0.3065274197509379,0.0,0.5175078261774493,-0.09045644839634227,-0.8508838050741245,0.0,866.1057153951576,40.200406578346275,-136.70497441754227,1.0
0.7811655815008528,0.45578868430834696,0.42665791647716084,0.0,0.34921977959025646,-0.8854783106075472,0.3065512602229577,0.0,0.517518934899092,-0.09046991133969014,-0.8508756168329348,0.0,866.1059776153495,40.14003197807218,-136.70498675194153,1.0
0.7811556965373841,0.4558063737240108,0.4266571161910483,0.0,0.3492254272403069,-0.8854678289253458,0.306575100528037,0.0,0.517530043661922,-0.09048337398391254,-0.8508674281558052,0.0,866.1062398355414,40.079657377798085,-136.7049990863408,1.0
0.7811458113936413,0.455824063015723,0.42665631539182264,0.0,0.34923107449383034,-0.8854573466497468,0.3065989406661579,0.0,0.517541152465931,-0.09049683632899935,-0.8508592390427421,0.0,866.1065020557332,40.01928277752398,-136.70501142074008,1.0
0.7811359260696312,0.45584175218347034,0.4266555140794846,0.0,0.3492367213508225,-0.885446863780758,0.30662278063730247,0.0,0.5175522613111108,-0.09051029837494044,-0.8508510494937515,0.0,866.1067642759251,39.95890817724989,-136.70502375513934,1.0
0.7811260405653614,0.45585944122723937,0.4266547122540347,0.0,0.34924236781127915,-0.8854363803183876,0.30664662044145286,0.0,0.5175633701974527,-0.09052376012172572,-0.8508428595088396,0.0,866.107026496117,39.89853357697579,-136.7050360895386,1.0
0.7811161548808396,0.4558771301470169,0.4266539099154735,0.0,0.349248013875196,-0.885425896262643,0.30667046007859106,0.0,0.5175744791249486,-0.09053722156934504,-0.8508346690880125,0.0,866.1072887163089,39.83815897670169,-136.70504842393788,1.0
0.7811062690160729,0.45589481894278977,0.4266531070638016,0.0,0.3492536595425689,-0.8854154116135325,0.3066942995486992,0.0,0.51758558809359,-0.09055068271778828,-0.8508264782312763,0.0,866.1075509365007,39.7777843764276,-136.70506075833714,1.0
0.781096382971069,0.4559125076145444,0.42665230369901974,0.0,0.3492593048133934,-0.8854049263710637,0.3067181388517593,0.0,0.5175966971033688,-0.09056414356704534,-0.8508182869386374,0.0,866.1078131566926,39.717409776153495,-136.70507309273643,1.0
0.781086496745835,0.45593019616226765,0.42665149982112843,0.0,0.34926494968766547,-0.8853944405352447,0.3067419779877536,0.0,0.5176078061542764,-0.09057760411710614,-0.8508100952101018,0.0,866.1080753768845,39.6570351758794,-136.70508542713569,1.0
0.7810766103403787,0.4559478845859463,0.42665069543012824,0.0,0.34927059416538087,-0.8853839541060833,0.30676581695666405,0.0,0.5176189152463044,-0.09059106436796051,-0.8508019030456755,0.0,866.1083375970763,39.5966605756053,-136.70509776153494,1.0
0.7810667237547073,0.45596557288556694,0.4266498905260199,0.0,0.34927623824653525,-0.8853734670835873,0.3067896557584727,0.0,0.5176300243794448,-0.09060452431959837,-0.850793710445365,0.0,866.1085998172682,39.536285975331204,-136.70511009593423,1.0
0.7810568369888282,0.45598326106111636,0.42664908510880384,0.0,0.3492818819311244,-0.8853629794677648,0.3068134943931618,0.0,0.517641133553689,-0.09061798397200957,-0.8507855174091761,0.0,866.1088620374601,39.47591137505711,-136.7051224303335,1.0
0.781046950042749,0.45600094911258116,0.42664827917848075,0.0,0.349287525219144,-0.8853524912586233,0.3068373328607133,0.0,0.5176522427690287,-0.09063144332518398,-0.8507773239371152,0.0,866.109124257652,39.41553677478301,-136.70513476473275,1.0
0.7810370629164771,0.4560186370399482,0.42664747273505127,0.0,0.34929316811059,-0.885342002456171,0.30686117116110934,0.0,0.5176633520254555,-0.09064490237911156,-0.8507691300291884,0.0,866.1093864778438,39.35516217450891,-136.70514709913203,1.0
0.7810271756100198,0.45603632484320406,0.426646665778516,0.0,0.34929881060545814,-0.8853315130604157,0.306885009294332,0.0,0.5176744613229611,-0.09065836113378216,-0.8507609356854019,0.0,866.1096486980357,39.29478757423481,-136.7051594335313,1.0
0.7810172881233846,0.45605401252233546,0.4266458583088755,0.0,0.349304452703744,-0.8853210230713653,0.30690884726036327,0.0,0.5176855706615372,-0.09067181958918566,-0.8507527409057618,0.0,866.1099109182276,39.234412973960715,-136.70517176793058,1.0
0.781007400456579,0.45607170007732917,0.4266450503261303,0.0,0.3493100944054434,-0.8853105324890276,0.3069326850591854,0.0,0.5176966800411753,-0.0906852777453119,-0.8507445456902741,0.0,866.1101731384194,39.174038373686614,-136.70518410232984,1.0
0.7809975126096104,0.45608938750817185,0.4266442418302813,0.0,0.3493157357105522,-0.8853000413134106,0.3069565226907804,0.0,0.5177077894618674,-0.09069873560215087,-0.8507363500389453,0.0,866.1104353586113,39.11366377341252,-136.7051964367291,1.0
0.780987624582486,0.4561070748148502,0.4266434328213288,0.0,0.34932137661906604,-0.8852895495445221,0.3069803601551303,0.0,0.5177188989236047,-0.09071219315969237,-0.8507281539517814,0.0,866.1106975788032,39.053289173138424,-136.70520877112838,1.0
0.7809777363752136,0.4561247619973509,0.42664262329927355,0.0,0.34932701713098074,-0.88527905718237,0.30700419745221724,0.0,0.517730008426379,-0.09072565041792628,-0.8507199574287883,0.0,866.110959798995,38.99291457286432,-136.70522110552764,1.0
0.7809678479878004,0.45614244905566076,0.4266418132641161,0.0,0.34933265724629214,-0.8852685642269621,0.3070280345820233,0.0,0.5177411179701821,-0.09073910737684257,-0.8507117604699725,0.0,866.1112220191869,38.93253997259023,-136.7052334399269,1.0
0.7809579594202539,0.45616013598976646,0.42664100271585714,0.0,0.34933829696499585,-0.8852580706783065,0.3070518715445306,0.0,0.5177522275550055,-0.09075256403643106,-0.8507035630753401,0.0,866.1114842393788,38.872165372316125,-136.7052457743262,1.0
0.7809480706725814,0.45617782279965463,0.4266401916544971,0.0,0.3493439362870876,-0.885247576536411,0.3070757083397212,0.0,0.517763337180841,-0.09076602039668162,-0.8506953652448972,0.0,866.1117464595707,38.81179077204203,-136.70525810872545,1.0
0.7809381817447907,0.4561955094853121,0.42663938008003693,0.0,0.34934957521256343,-0.8852370818012834,0.30709954496757713,0.0,0.51777444684768,-0.0907794764575842,-0.8506871669786501,0.0,866.1120086797625,38.751416171767936,-136.70527044312473,1.0
0.7809282926368888,0.4562131960467255,0.4266385679924769,0.0,0.34935521374141876,-0.8852265864729315,0.3071233814280806,0.0,0.5177855565555145,-0.09079293221912865,-0.8506789682766047,0.0,866.1122708999543,38.691041571493834,-136.705282777524,1.0
0.7809184033488835,0.45623088248388144,0.42663775539181775,0.0,0.3493608518736497,-0.8852160905513635,0.30714721772121356,0.0,0.5177966663043359,-0.09080638768130489,-0.8506707691387674,0.0,866.1125331201462,38.63066697121974,-136.70529511192325,1.0
0.7809085138807819,0.45624856879676673,0.42663694227806004,0.0,0.3493664896092517,-0.8852055940365869,0.30717105384695814,0.0,0.5178077760941358,-0.09081984284410276,-0.8506625695651441,0.0,866.112795340338,38.57029237094564,-136.70530744632254,1.0
0.7808986242325917,0.45626625498536827,0.42663612865120465,0.0,0.3493721269482207,-0.8851950969286101,0.3071948898052965,0.0,0.517818885924906,-0.0908332977075122,-0.8506543695557413,0.0,866.1130575605299,38.50991777067154,-136.7053197807218,1.0
0.78088873440432,0.4562839410496724,0.42663531451125175,0.0,0.34937776389055236,-0.8851845992274406,0.3072187255962107,0.0,0.5178299957966381,-0.09084675227152303,-0.8506461691105649,0.0,866.1133197807218,38.44954317039745,-136.70533211512105,1.0
0.7808788443959745,0.4563016269896661,0.42663449985820223,0.0,0.3493834004362426,-0.8851741009330865,0.3072425612196828,0.0,0.5178411057093238,-0.09086020653612521,-0.8506379682296211,0.0,866.1135820009137,38.389168570123346,-136.70534444952034,1.0
0.7808689542075629,0.4563193128053359,0.42663368469205665,0.0,0.349389036585287,-0.8851636020455553,0.3072663966756948,0.0,0.5178522156629548,-0.09087366050130857,-0.8506297669129163,0.0,866.1138442211055,38.32879396984925,-136.7053567839196,1.0
0.780859063839092,0.45633699849666864,0.4266328690128156,0.0,0.3493946723376814,-0.8851531025648552,0.3072902319642289,0.0,0.5178633256575226,-0.09088711416706304,-0.8506215651604563,0.0,866.1141064412974,38.26841936957515,-136.70536911831888,1.0
0.7808491732905696,0.456354684063651,0.4266320528204797,0.0,0.3494003076934216,-0.8851426024909941,0.30731406708526715,0.0,0.5178744356930188,-0.0909005675333785,-0.8506133629722474,0.0,866.1143686614893,38.208044769301054,-136.70538145271814,1.0
0.7808392825620032,0.45637236950626964,0.4266312361150497,0.0,0.34940594265250335,-0.88513210182398,0.30733790203879174,0.0,0.5178855457694352,-0.09091402060024485,-0.850605160348296,0.0,866.1146308816811,38.14767016902695,-136.7053937871174,1.0
0.7808293916533998,0.4563900548245114,0.42663041889652603,0.0,0.3494115772149225,-0.8851216005638206,0.30736173682478457,0.0,0.5178966558867635,-0.09092747336765196,-0.850596957288608,0.0,866.114893101873,38.08729556875286,-136.7054061215167,1.0
0.7808195005647675,0.45640774001836276,0.4266296011649093,0.0,0.34941721138067455,-0.8851110987105236,0.30738557144322787,0.0,0.5179077660449953,-0.09094092583558969,-0.8505887537931897,0.0,866.1151553220649,38.02692096847876,-136.70541845591595,1.0
0.7808096092961131,0.4564254250878106,0.42662878292020023,0.0,0.3494228451497555,-0.8851005962640974,0.30740940589410365,0.0,0.5179188762441221,-0.090954378004048,-0.8505805498620471,0.0,866.1154175422568,37.96654636820466,-136.7054307903152,1.0
0.7807997178474446,0.4564431100328416,0.42662796416239934,0.0,0.3494284785221611,-0.8850900932245493,0.3074332401773941,0.0,0.5179299864841357,-0.09096782987301674,-0.8505723454951865,0.0,866.1156797624486,37.906171767930566,-136.7054431247145,1.0
0.780789826218769,0.4564607948534425,0.4266271448915074,0.0,0.349434111497887,-0.8850795895918877,0.3074570742930811,0.0,0.5179410967650278,-0.0909812814424858,-0.850564140692614,0.0,866.1159419826405,37.84579716765647,-136.70545545911375,1.0
0.7807799344100939,0.4564784795495999,0.42662632510752485,0.0,0.349439744076929,-0.8850690853661203,0.307480908241147,0.0,0.5179522070867899,-0.09099473271244507,-0.8505559354543358,0.0,866.1162042028324,37.78542256738237,-136.70546779351304,1.0
0.7807700424214267,0.4564961641213007,0.4266255048104524,0.0,0.34944537625928296,-0.885058580547255,0.30750474202157374,0.0,0.5179633174494137,-0.09100818368288445,-0.850547729780358,0.0,866.1164664230242,37.725047967108274,-136.7054801279123,1.0
0.7807601502527747,0.4565138485685313,0.4266246840002906,0.0,0.3494510080449446,-0.8850480751352996,0.3075285756343434,0.0,0.5179744278528909,-0.09102163435379383,-0.850539523670687,0.0,866.1167286432161,37.66467336683417,-136.70549246231155,1.0
0.7807502579041457,0.45653153289127874,0.4266238626770402,0.0,0.3494566394339097,-0.8850375691302621,0.3075524090794381,0.0,0.517985538297213,-0.09103508472516314,-0.8505313171253287,0.0,866.116990863408,37.60429876656008,-136.70550479671084,1.0
0.7807403653755468,0.4565492170895295,0.42662304084070163,0.0,0.3494622704261739,-0.8850270625321505,0.30757624235683995,0.0,0.517996648782372,-0.09104853479698218,-0.8505231101442894,0.0,866.1172530835998,37.543924166285976,-136.7055171311101,1.0
0.7807304726669856,0.4565669011632704,0.4266222184912757,0.0,0.34946790102173314,-0.8850165553409725,0.307600075466531,0.0,0.5180077593083591,-0.09106198456924092,-0.8505149027275751,0.0,866.1175153037917,37.48354956601188,-136.70552946550936,1.0
0.7807205797784694,0.4565845851124882,0.4266213956287629,0.0,0.3494735312205831,-0.8850060475567361,0.3076239084084934,0.0,0.5180188698751663,-0.09107543404192923,-0.8505066948751924,0.0,866.1177775239836,37.423174965737786,-136.70554179990864,1.0
0.7807106867100059,0.45660226893716943,0.42662057225316385,0.0,0.3494791610227196,-0.8849955391794491,0.3076477411827091,0.0,0.518029980482785,-0.091088883215037,-0.8504984865871469,0.0,866.1180397441755,37.362800365463684,-136.7055541343079,1.0
0.7807007934616021,0.456619952637301,0.4266197483644792,0.0,0.34948479042813835,-0.8849850302091194,0.3076715737891604,0.0,0.5180410911312071,-0.0911023320885541,-0.8504902778634451,0.0,866.1183019643673,37.30242576518959,-136.7055664687072,1.0
0.7806909000332658,0.45663763621286946,0.4266189239627096,0.0,0.3494904194368352,-0.8849745206457551,0.3076954062278292,0.0,0.518052201820424,-0.09111578066247047,-0.8504820687040932,0.0,866.1185641845592,37.24205116491549,-136.70557880310645,1.0
0.7806810064250045,0.4566553196638616,0.42661809904785564,0.0,0.34949604804880574,-0.884964010489364,0.3077192384986977,0.0,0.5180633125504276,-0.09112922893677597,-0.8504738591090971,0.0,866.1188264047511,37.18167656464139,-136.7055911375057,1.0
0.7806711126368253,0.4566730029902642,0.4266172736199179,0.0,0.34950167626404594,-0.8849534997399537,0.30774307060174794,0.0,0.5180744233212093,-0.09114267691146048,-0.8504656490784632,0.0,866.119088624943,37.12130196436729,-136.705603471905,1.0
0.7806612186687357,0.45669068619206377,0.4266164476788971,0.0,0.34950730408255154,-0.8849429883975326,0.307766902536962,0.0,0.5180855341327609,-0.09115612458651395,-0.8504574386121977,0.0,866.1193508451348,37.060927364093196,-136.70561580630425,1.0
0.7806513245207434,0.4567083692692472,0.4266156212247938,0.0,0.34951293150431817,-0.8849324764621083,0.307790734304322,0.0,0.518096644985074,-0.09116957196192621,-0.8504492277103066,0.0,866.1196130653267,37.0005527638191,-136.7056281407035,1.0
0.7806414301928557,0.4567260522218012,0.4266147942576087,0.0,0.3495185585293418,-0.8849219639336888,0.30781456590381007,0.0,0.5181077558781403,-0.09118301903768723,-0.8504410163727963,0.0,866.1198752855186,36.940178163545,-136.7056404751028,1.0
0.7806315356850798,0.4567437350497123,0.4266139667773422,0.0,0.349524185157618,-0.8849114508122818,0.3078383973354082,0.0,0.5181188668119514,-0.09119646581378679,-0.8504328045996727,0.0,866.1201375057104,36.879803563270904,-136.70565280950206,1.0
0.7806216409974235,0.45676141775296736,0.4266131387839952,0.0,0.3495298113891428,-0.8849009370978955,0.3078622285990986,0.0,0.518129977786499,-0.09120991229021494,-0.8504245923909423,0.0,866.1203997259023,36.81942896299681,-136.70566514390134,1.0
0.7806117461298939,0.4567791003315531,0.4266123102775681,0.0,0.34953543722391167,-0.8848904227905375,0.3078860596948632,0.0,0.5181410888017748,-0.09122335846696142,-0.8504163797466108,0.0,866.1206619460942,36.75905436272271,-136.7056774783006,1.0
0.7806018510824989,0.4567967827854562,0.4266114812580616,0.0,0.3495410626619206,-0.8848799078902161,0.30790989062268426,0.0,0.5181521998577703,-0.09123680434401621,-0.8504081666666847,0.0,866.120924166286,36.69867976244861,-136.70568981269986,1.0
0.7805919558552454,0.4568144651146633,0.42661065172547635,0.0,0.3495466877031652,-0.8848693923969388,0.3079337213825437,0.0,0.5181633109544771,-0.09125024992136915,-0.8503999531511702,0.0,866.1211863864779,36.63830516217451,-136.70570214709915,1.0
0.7805820604481412,0.4568321473191613,0.426609821679813,0.0,0.34955231234764145,-0.8848588763107138,0.3079575519744238,0.0,0.5181744220918871,-0.09126369519901023,-0.8503917392000735,0.0,866.1214486066698,36.577930561900416,-136.7057144814984,1.0
0.7805721648611935,0.45684982939893665,0.42660899112107203,0.0,0.3495579365953449,-0.8848483596315488,0.3079813823983065,0.0,0.5181855332699917,-0.09127714017692926,-0.8503835248134004,0.0,866.1217108268617,36.517555961626314,-136.70572681589766,1.0
0.7805622690944098,0.45686751135397624,0.4266081600492542,0.0,0.34956356044627146,-0.8848378423594517,0.308005212654174,0.0,0.5181966444887828,-0.09129058485511617,-0.8503753099911575,0.0,866.1219730470535,36.45718136135222,-136.70573915029695,1.0
0.780552373147798,0.45688519318426685,0.4266073284643602,0.0,0.3495691839004169,-0.8848273244944306,0.3080290427420083,0.0,0.5182077557482518,-0.09130402923356083,-0.8503670947333508,0.0,866.1222352672454,36.396806761078125,-136.7057514846962,1.0
0.7805424770213648,0.456902874889795,0.42660649636639053,0.0,0.3495748069577769,-0.8848168060364932,0.30805287266179154,0.0,0.5182188670483906,-0.09131747331225316,-0.8503588790399864,0.0,866.1224974874373,36.33643216080402,-136.7057638190955,1.0
0.7805325807151179,0.45692055647054747,0.4266056637553457,0.0,0.3495804296183473,-0.8848062869856473,0.3080767024135058,0.0,0.5182299783891906,-0.09133091709118303,-0.8503506629110705,0.0,866.1227597076291,36.27605756052993,-136.70577615349475,1.0
0.7805226842290649,0.456938237926511,0.4266048306312266,0.0,0.34958605188212394,-0.8847957673419014,0.30810053199713316,0.0,0.5182410897706436,-0.09134436057034044,-0.8503424463466096,0.0,866.1230219278209,36.215682960255826,-136.705788487894,1.0
0.7805127875632133,0.45695591925767237,0.42660399699403373,0.0,0.34959167374910255,-0.8847852471052627,0.3081243614126557,0.0,0.5182522011927413,-0.09135780374971514,-0.8503342293466094,0.0,866.1232841480128,36.15530835998173,-136.7058008222933,1.0
0.7805028907175702,0.4569736004640181,0.42660316284376776,0.0,0.34959729521927874,-0.8847747262757395,0.3081481906600556,0.0,0.5182633126554752,-0.0913712466292971,-0.8503260119110764,0.0,866.1235463682046,36.09493375970763,-136.70581315669256,1.0
0.7804929936921433,0.4569912815455351,0.4266023281804292,0.0,0.34960291629264856,-0.8847642048533397,0.30817201973931485,0.0,0.518274424158837,-0.09138468920907623,-0.8503177940400165,0.0,866.1238085883965,36.034559159433535,-136.70582549109182,1.0
0.7804830964869399,0.4570089625022099,0.4266014930040188,0.0,0.3496085369692076,-0.884753682838071,0.30819584865041555,0.0,0.5182855357028183,-0.09139813148904238,-0.850309575733436,0.0,866.1240708085884,35.97418455915944,-136.7058378254911,1.0
0.7804731991019676,0.4570266433340293,0.42660065731453706,0.0,0.3496141572489517,-0.8847431602299413,0.3082196773933399,0.0,0.5182966472874109,-0.09141157346918548,-0.8503013569913412,0.0,866.1243330287803,35.91380995888534,-136.70585015989036,1.0
0.7804633015372335,0.45704432404098017,0.42659982111198474,0.0,0.3496197771318766,-0.8847326370289588,0.3082435059680699,0.0,0.5183077589126064,-0.09142501514949546,-0.8502931378137383,0.0,866.1245952489721,35.85343535861124,-136.70586249428965,1.0
0.7804534037927455,0.45706200462304897,0.42659898439636246,0.0,0.34962539661797815,-0.8847221132351313,0.3082673343745876,0.0,0.5183188705783963,-0.09143845652996216,-0.8502849182006333,0.0,866.124857469164,35.79306075833715,-136.7058748286889,1.0
0.7804435058685107,0.4570796850802225,0.42659814716767075,0.0,0.349631015707252,-0.8847115888484666,0.3082911626128751,0.0,0.5183299822847725,-0.09145189761057548,-0.8502766981520324,0.0,866.1251196893559,35.732686158063046,-136.70588716308816,1.0
0.7804336077645367,0.4570973654124875,0.42659730942591034,0.0,0.3496366343996941,-0.8847010638689727,0.3083149906829146,0.0,0.5183410940317263,-0.09146533839132538,-0.8502684776679419,0.0,866.1253819095477,35.672311557788944,-136.70589949748745,1.0
0.7804237094808308,0.4571150456198307,0.4265964711710817,0.0,0.3496422526953001,-0.8846905382966573,0.3083388185846882,0.0,0.5183522058192498,-0.09147877887220167,-0.8502602567483677,0.0,866.1256441297396,35.61193695751485,-136.7059118318867,1.0
0.7804138110174007,0.45713272570223884,0.4265956324031857,0.0,0.3496478705940657,-0.8846800121315285,0.30836264631817784,0.0,0.5183633176473342,-0.09149221905319435,-0.8502520353933164,0.0,866.1259063499315,35.551562357240755,-136.70592416628597,1.0
0.7804039123742535,0.45715040565969844,0.4265947931222228,0.0,0.34965348809598695,-0.8846694853735944,0.30838647388336576,0.0,0.5183744295159715,-0.09150565893429323,-0.8502438136027938,0.0,866.1261685701234,35.49118775696665,-136.70593650068525,1.0
0.7803940135513968,0.45716808549219645,0.42659395332819366,0.0,0.3496591052010594,-0.8846589580228625,0.30841030128023394,0.0,0.5183855414251533,-0.09151909851548826,-0.8502355913768063,0.0,866.1264307903152,35.43081315669256,-136.7059488350845,1.0
0.7803841145488382,0.45718576519971943,0.4265931130210989,0.0,0.34966472190927883,-0.8846484300793409,0.3084341285087645,0.0,0.518396653374871,-0.09153253779676929,-0.85022736871536,0.0,866.1266930105071,35.37043855641846,-136.7059611694838,1.0
0.7803742153665848,0.45720344478225416,0.4265922722009393,0.0,0.3496703382206412,-0.8846379015430377,0.30845795556893957,0.0,0.5184077653651163,-0.09154597677812631,-0.850219145618461,0.0,866.126955230699,35.31006395614436,-136.70597350388306,1.0
