Xx,Xy,Xz,Yx,Yy,Yz,Zx,Zy,Zz,Px,Py,Pz,cmdCostTime
0.9911719365651601,0.12233808932196229,0.05110366001297553,0.13020689872204058,-0.9708376890359859,-0.20129665936734933,0.024987110494382486,0.2061736487728681,-0.9781963355384354,9.55326,-1.78005,-1.547,53.0
0.9911719365651601,0.12233808932196229,0.05110366001297553,0.13020689872204058,-0.9708376890359859,-0.20129665936734933,0.024987110494382486,0.2061736487728681,-0.9781963355384354,9.55326,-1.78005,-1.547,51.0
0.9911719365651601,0.12233808932196229,0.05110366001297553,0.13020689872204058,-0.9708376890359859,-0.20129665936734933,0.024987110494382486,0.2061736487728681,-0.9781963355384354,9.55326,-1.78005,-1.547,55.0
0.9911719365651601,0.12233808932196229,0.05110366001297553,0.13020689872204058,-0.9708376890359859,-0.20129665936734933,0.024987110494382486,0.2061736487728681,-0.9781963355384354,9.55326,-1.78005,-1.547,52.0
0.9911719365651601,0.12233808932196229,0.05110366001297553,0.13020689872204058,-0.9708376890359859,-0.20129665936734933,0.024987110494382486,0.2061736487728681,-0.9781963355384354,9.55326,-1.78005,-1.547,49.0
0.9911719365651601,0.12233808932196229,0.05110366001297553,0.13020689872204058,-0.9708376890359859,-0.20129665936734933,0.024987110494382486,0.2061736487728681,-0.9781963355384354,9.55326,-1.78005,-1.547,60.0
0.9911719365651601,0.12233808932196229,0.05110366001297553,0.13020689872204058,-0.9708376890359859,-0.20129665936734933,0.024987110494382486,0.2061736487728681,-0.9781963355384354,9.55326,-1.78005,-1.547,52.0
0.9911719365651601,0.12233808932196229,0.05110366001297553,0.13020689872204058,-0.9708376890359859,-0.20129665936734933,0.024987110494382486,0.2061736487728681,-0.9781963355384354,9.55326,-1.78005,-1.547,53.0
0.9911719365651601,0.12233808932196229,0.05110366001297553,0.13020689872204058,-0.9708376890359859,-0.20129665936734933,0.024987110494382486,0.2061736487728681,-0.9781963355384354,9.55326,-1.78005,-1.547,53.0
0.9911719365651601,0.12233808932196229,0.05110366001297553,0.13020689872204058,-0.9708376890359859,-0.20129665936734933,0.024987110494382486,0.2061736487728681,-0.9781963355384354,9.55326,-1.78005,-1.547,50.0
0.9911719365651601,0.12233808932196229,0.05110366001297553,0.13020689872204058,-0.9708376890359859,-0.20129665936734933,0.024987110494382486,0.2061736487728681,-0.9781963355384354,9.55326,-1.78005,-1.547,51.0
0.9911719365651601,0.12233808932196229,0.05110366001297553,0.13020689872204058,-0.9708376890359859,-0.20129665936734933,0.024987110494382486,0.2061736487728681,-0.9781963355384354,9.55326,-1.78005,-1.547,53.0
0.9911653005685508,0.12238820222832635,0.05111237525465475,0.13025577411408493,-0.9708474318931858,-0.20121803422244838,0.024995604789539078,0.20609801537551062,-0.978212056662297,9.5532,-1.7803,-1.5471000000000001,53.0
0.9911653005685508,0.12238820222832635,0.05111237525465475,0.13025577411408493,-0.9708474318931858,-0.20121803422244838,0.024995604789539078,0.20609801537551062,-0.978212056662297,9.5532,-1.7803,-1.5471000000000001,51.0
0.991162205792543,0.12240889550743489,0.05112283353953174,0.13027837326828426,-0.9708430064664448,-0.20122475556890135,0.025000545334659823,0.20610657218013304,-0.9782101275478216,9.553189999999999,-1.7801200000000001,-1.54691,62.0
0.990448221431534,0.1270989778111352,0.053461860260148375,0.13546049618995373,-0.969307379027715,-0.20516739247354351,0.02574440978314701,0.21044964908924432,-0.9772656601779944,9.552240000000001,-1.7304499999999998,-1.49498,60.0
0.9896518542528361,0.1321743295025671,0.05584938669734856,0.14104579331986442,-0.9676125004777387,-0.20936125024939098,0.026368381836837193,0.21507207057115724,-0.9762421384572282,9.550130000000001,-1.67686,-1.4388999999999998,53.0
0.9888358047154647,0.13724045203047025,0.05804144759731061,0.14658744786607295,-0.9658761223861666,-0.2135308791073891,0.026755773971808477,0.21965512634749793,-0.9752106203423105,9.54664,-1.62333,-1.38334,50.0
0.9879585878242637,0.14254478388775027,0.06015657346193636,0.15235352974484592,-0.96403207615497,-0.2177855783072524,0.026948668215203482,0.2243281986972048,-0.9741409695473722,9.54172,-1.5678299999999998,-1.32596,51.0
0.9870969804422179,0.14763183385360806,0.062003167942262974,0.15784542172811378,-0.9622280523978375,-0.22181523396317615,0.026914197764928916,0.22874006385346082,-0.9731154140938191,9.53571,-1.51474,-1.27127,53.0
0.9861181751604591,0.1532672259288029,0.06387567670323101,0.16389204477175365,-0.9601777636462635,-0.22626988279440513,0.026652247161166244,0.2335975591810617,-0.9719680231704697,9.5276,-1.45565,-1.21046,57.0
0.9852194491794556,0.15833749094068925,0.06535958935869542,0.16928283653007936,-0.9583141628614039,-0.23016795284221672,0.026190804013251842,0.23783020039905284,-0.970953571270679,9.51903,-1.40311,-1.15672,51.0
0.9843069923553962,0.16338166176280394,0.06667966256587285,0.1746064554547654,-0.9564259518993236,-0.23401278650320764,0.0255407618092523,0.24198312158722463,-0.9699442449713827,9.5093,-1.35085,-1.1034300000000001,63.0
0.9834572604183817,0.16799236730689146,0.06775235388529097,0.17943660594528027,-0.9546741265462593,-0.2374864555084668,0.024785507402703112,0.24571503134680883,-0.9690251812997572,9.49942,-1.30309,-1.05468,51.0
0.9825922370145795,0.17261924895301572,0.06866651767478092,0.18423848112517352,-0.9529005284118017,-0.24090820871277516,0.023846966921881464,0.2493655506348175,-0.968115770104599,9.48842,-1.25562,-1.00652,49.0
0.981717196524063,0.17722790588382772,0.06943785296916641,0.18898091192075764,-0.9511117739295385,-0.24427977489388136,0.022749966561146903,0.25293608455228295,-0.9672154755548669,9.47644,-1.20834,-0.95868,53.0
0.9808325606792242,0.18181844245338608,0.07006812324631416,0.19366233224699797,-0.9493164977352007,-0.24757440941346506,0.02150323185219622,0.2563985981077069,-0.9663319149796893,9.46354,-1.1615600000000001,-0.9113500000000001,49.0
0.9799399864278797,0.18638411443466935,0.07055908790603183,0.19827638049715868,-0.9475046862736314,-0.25084127735772155,0.02010223710617807,0.2597995984906665,-0.9654532969996091,9.44969,-1.11493,-0.8643200000000001,50.0
0.9790766828155268,0.1907406469568851,0.07090031569332376,0.2026373238654694,-0.9457669692875614,-0.25389555880570597,0.018626973548725913,0.2629502717303972,-0.9646295612582715,9.43565,-1.0707200000000001,-0.81976,53.0
0.978082190904032,0.19569042778305668,0.07113708112125944,0.20754117973531616,-0.9437849297123886,-0.25728712591549296,0.016789477372496336,0.26641182954566006,-0.9637130540403054,9.41856,-1.02089,-0.76955,52.0
0.9770468285588338,0.20077928371250744,0.07118408554597831,0.21251823304815012,-0.9417211330736865,-0.26076293475972406,0.01467976243734423,0.26990551449406214,-0.9627749050637322,9.39967,-0.96953,-0.71804,53.0
0.9761172895300367,0.20528029717005486,0.07109878110283278,0.21687372238792346,-0.9398933170091337,-0.26375431973557134,0.012681704070844084,0.27287460899714,-0.96196601922652,9.38199,-0.92456,-0.6728000000000001,51.0
0.9751066701058533,0.21012018037438226,0.07082719615029137,0.22149524900681766,-0.937908965701968,-0.26695809919025215,0.010336178330632191,0.27600051060695835,-0.9611019100814522,9.36176,-0.8761,-0.62421,50.0
0.9741624475135405,0.21457388876225972,0.07046681570689668,0.22570419056142207,-0.9360904711952174,-0.26980038565674636,0.008071196778769994,0.27873405963203923,-0.9603344103923389,9.34237,-0.83199,-0.57981,50.0
0.9732570608631028,0.2188064599617051,0.06996017838128504,0.22964682805186368,-0.9343535508016284,-0.27248078183627344,0.005746985804076326,0.28125997792685653,-0.9596144001476593,9.32289,-0.79018,-0.53799,53.0
0.9723096125122185,0.22318162385368842,0.06931075090035094,0.2336744085799052,-0.9325452982587241,-0.2752372385241121,0.0032075210320875957,0.2838119614631811,-0.9588745915599447,9.301730000000001,-0.74685,-0.49454000000000004,51.0
0.9713536749437492,0.22754457922429752,0.06852373777684975,0.2376378453682211,-0.9307486372717971,-0.2779122679290031,0.0005409454893976317,0.2862349361666566,-0.9581593127949274,9.279729999999999,-0.7041,-0.45165,53.0
0.9702741359757199,0.23241212411208503,0.06747374024225247,0.24199439843899084,-0.9287388320059669,-0.2808609852726853,-0.0026100154637742875,0.28884041699509677,-0.9573736999361208,9.25393,-0.6563100000000001,-0.40364,53.0
0.9692254380930709,0.2370783124010932,0.06630176424760033,0.2461068214518975,-0.9268226000883755,-0.28360412620458686,-0.00578641410016269,0.2911936499212733,-0.9566466305054278,9.228110000000001,-0.61097,-0.35805,59.0
0.9681740839506872,0.2416890784773789,0.0650025577266244,0.250113547064268,-0.924930351594226,-0.2862639660780094,-0.009064035590063085,0.29341137340692325,-0.9559433085775981,9.20148,-0.56623,-0.31279,52.0
0.9671301152564449,0.2462217877926198,0.06351512717661735,0.25397464614505755,-0.9230645079471624,-0.28887504787322105,-0.012498771121537368,0.295510990293879,-0.9552575753879068,9.17386,-0.52209,-0.26825,51.0
0.9661546868457044,0.2503989778300471,0.0620118777956809,0.2574809641881657,-0.9213744132503187,-0.2911575925308552,-0.015769406038637555,0.29727015072034824,-0.954663177944918,9.14766,-0.48206000000000004,-0.22784,52.0
0.9650584260336653,0.25503529517916945,0.0601600577983286,0.2613017378586453,-0.9194906973609943,-0.29369756427087407,-0.019586631498962573,0.2991552367575508,-0.9540034109934081,9.11715,-0.4374,-0.18258,51.0
0.9640853037432249,0.25909249939438955,0.05840037554590193,0.2645912058868945,-0.9178647215182185,-0.29583077385492224,-0.023043890158849563,0.30065832725845365,-0.9534534856910931,9.08943,-0.39866,-0.14302,52.0
0.9631515546810935,0.2629392543561115,0.05658649338883536,0.2676550631451471,-0.9163340066148604,-0.297813289652971,-0.02645467611141602,0.30198499439510096,-0.9529455458062811,9.06228,-0.36206000000000005,-0.10564,53.0
0.9621807895106691,0.2668906038553929,0.05456678358057432,0.2707427048951402,-0.9147650043975105,-0.29983891421175723,-0.030108404851279184,0.3032728017863228,-0.9524279981468338,9.03316,-0.32427,-0.06696,51.0
0.9612141567471387,0.27077713987381924,0.05241264533145775,0.2737174598665468,-0.9132352679261634,-0.3017947938252647,-0.03385405489882134,0.30443568440244123,-0.9519310988875849,9.003350000000001,-0.28719,-0.02883,49.0
0.9602840702203695,0.2744612210807233,0.05025477692596688,0.27649316798099505,-0.9118076802118185,-0.3035758263870419,-0.03749710043234889,0.30541413266189965,-0.9514810429165397,8.974260000000001,-0.25223,0.0073,51.0
0.9593056228392548,0.2782810565194951,0.04787875908357495,0.2793211849936255,-0.9103583837926591,-0.30533144068728735,-0.04138112616575648,0.3062797196041736,-0.9510417108394577,8.943200000000001,-0.21632,0.044610000000000004,50.0
0.9583773147209766,0.281856774080588,0.045493752682039354,0.2819092447082934,-0.9090084565170903,-0.3069703629479835,-0.04516747033219507,0.3070185415985517,-0.9506311139124831,8.912980000000001,-0.18254,0.07989,52.0
0.9572877282620219,0.28599306689508713,0.04252259407514469,0.28482746916246915,-0.907468550697507,-0.30882704270427624,-0.04973447626586606,0.3077479409889015,-0.9501671888081864,8.876430000000001,-0.14342000000000002,0.12104,51.0
0.9562340714192477,0.2899209943165872,0.03952489989172143,0.2875377824482888,-0.9060440997485742,-0.31049333805335716,-0.0542072349570583,0.30826921086167075,-0.9497534781789605,8.84056,-0.10654,0.16002,52.0
0.9552762929334471,0.29343427835477165,0.036654173647014926,0.2898963321099045,-0.9047915180093838,-0.3119493958440999,-0.05837226043725829,0.30862377294156934,-0.9493914082119953,8.807,-0.07328,0.19549,50.0
0.9542326810210318,0.29719394041898145,0.03340287786483125,0.29235972615153794,-0.903481777303896,-0.31344292718833355,-0.06297444716717804,0.30886314098323886,-0.9490193776451333,8.76986,-0.03787,0.2335,51.0
0.9532664238533892,0.3006076494373728,0.030301258282585924,0.29454911416073687,-0.9023319615208713,-0.3147027971992337,-0.06726027431475158,0.3089208188478633,-0.9487064789393345,8.73513,-0.00599,0.26812,51.0
0.9523661142706343,0.303741008483074,0.02720632563832113,0.2964746136398322,-0.9012889061578141,-0.3158814826860909,-0.07142540063706619,0.30890080511797974,-0.9484085115293401,8.7014,0.02388,0.30067,53.0
0.9512941868345627,0.30739166998671824,0.0234463497701586,0.29867377854516164,-0.9001260507446256,-0.3171231098176848,-0.07637633209524956,0.30868018075940695,-0.9480945110599555,8.66094,0.05822,0.3387,52.0
0.9502669332267176,0.3108135742492943,0.01968953220031917,0.3006634336819676,-0.8990755878684917,-0.31822097188195364,-0.08120501993385663,0.30831478939762924,-0.947812078091558,8.62138,0.09051000000000001,0.37472,50.0
0.9493349445543113,0.31385223132284373,0.01612265306129065,0.30235848536817395,-0.8981734911721743,-0.31916097205242994,-0.08568844364280574,0.30786548466702207,-0.9475633667342852,8.58448,0.11955,0.40749,52.0
0.9484020933385091,0.316824820834779,0.012470054295956672,0.30397311553461503,-0.8973368138118587,-0.3199796674949224,-0.0901876620348563,0.3072599477331723,-0.9473423405167188,8.547229999999999,0.14782,0.43983,51.0
0.9474867812141242,0.31967660781815005,0.008698611290251727,0.30544090845265787,-0.8965661285835541,-0.32074137325937985,-0.09473463394193947,0.30655512308649885,-0.9471268688202802,8.509400000000001,0.17534,0.47176,52.0
0.9465684307633525,0.3224667937544886,0.004834543195017978,0.30683311484537634,-0.8958589923466684,-0.32138778051739286,-0.09930581814016971,0.30569892501824714,-0.9469353313327155,8.47119,0.20219,0.50318,50.0
0.945707698523329,0.3250167456967648,0.0010314894050161966,0.30802706948001624,-0.8952507742909658,-0.32194001863542754,-0.10371245547792877,0.3047788807448947,-0.9467595050648437,8.43418,0.22718,0.53291,53.0
0.9448051754668647,0.32761879384526843,-0.0030176696966965457,0.30920604758003223,-0.894675169071163,-0.3224096183233694,-0.10832728442530855,0.30368119429239837,-0.9465954424579599,8.39509,0.25256,0.56364,49.0
0.9439184973005357,0.3301006514579374,-0.00717149642291371,0.3102505927489348,-0.8941705300143784,-0.3228058750282282,-0.11297097039874064,0.3024774754603239,-0.9464380258032302,8.35567,0.2773,0.5939800000000001,50.0
0.9430733195459805,0.3323953338137858,-0.011227467183061344,0.311166810735874,-0.8937561978220869,-0.32307131527121274,-0.11742201606593873,0.30118632258691375,-0.9463080202711917,8.317530000000001,0.30021000000000003,0.62259,51.0
0.9422025980099351,0.3346826165410685,-0.015550256864530277,0.3120105612871009,-0.8933952841383385,-0.32325574383866035,-0.12208060430976342,0.2997205572939592,-0.946183868804981,8.27737,0.32336,0.6520699999999999,49.0
0.9413734060241463,0.3367861640770285,-0.019778526658437334,0.3127258045880437,-0.8931102779770724,-0.32335213392906026,-0.1265649302739837,0.29820984399914957,-0.9460719884695585,8.2385,0.34492,0.67997,55.0
0.9404638170148615,0.3389976374965711,-0.02466598178828963,0.3133656417597627,-0.8928825597667259,-0.32336157630261364,-0.13164263538204074,0.2963803911127764,-0.9459539525333718,8.19411,0.36853,0.7112600000000001,62.0
0.9396211739994141,0.34096561201272363,-0.029231845592630958,0.31389705735749046,-0.8927389927942616,-0.3232425221517052,-0.13631099278587527,0.29454972783806144,-0.9458645627552884,8.15291,0.38954,0.73978,53.0
0.9388009985241327,0.34278710746589397,-0.033906992276771276,0.31427658688928156,-0.8926735346179431,-0.32305446526233295,-0.14100678034518493,0.29262768076153295,-0.9457727678194224,8.11133,0.40981,0.7677700000000001,52.0
0.9379206990467018,0.3446434922557365,-0.03905925684797634,0.31458666616062486,-0.8926949513758341,-0.3226932804724026,-0.14608214050214913,0.2903731858038328,-0.9456973200725712,8.06587,0.43084000000000006,0.7978100000000001,52.0
0.9371232790235708,0.34623040651116294,-0.04386873054039,0.3147639080038659,-0.8927869106201118,-0.3222657512729677,-0.15074363047984585,0.2881944444858563,-0.9456322329728637,8.02368,0.44943,0.82515,50.0
0.9363467347893519,0.34767369813601606,-0.04876260733128908,0.31480671420572026,-0.8929571169628053,-0.3217519540833787,-0.15540760901679515,0.28592059542799825,-0.9455674953009869,7.98129,0.46734000000000003,0.8521599999999999,50.0
0.9356122269665914,0.3489514523517974,-0.05350368821106425,0.31476591457241904,-0.893192665649699,-0.32113747998789166,-0.15985049194170192,0.28361901546115725,-0.9455200020596284,7.94044,0.48369999999999996,0.87763,52.0
0.9347978177943183,0.3502524778527084,-0.05895966082855858,0.31459020788647557,-0.8935417903632124,-0.3203374314319968,-0.16488190000398692,0.2809025999034953,-0.9454669155599958,7.8937800000000005,0.50148,0.90621,51.0
0.9340400376962267,0.35133934493615804,-0.06426408546196433,0.3142886906477009,-0.8939695090151834,-0.31943878268317005,-0.16968154558285076,0.27817113734351223,-0.9454252965928253,7.848730000000001,0.51763,0.9333400000000001,53.0
0.933110716697417,0.352511270832379,-0.07099432597450397,0.31376142050262373,-0.894613069598044,-0.31815283545576206,-0.17566491222953057,0.2745965397460548,-0.9453774796190592,7.79207,0.53673,0.9667100000000001,61.0
0.9324333251214731,0.3532115566188672,-0.07622132558405013,0.3131920912068565,-0.8952045156317158,-0.31704824427531736,-0.1802187787340406,0.2717544322793319,-0.9453415892301306,7.74845,0.5504,0.9919100000000001,52.0
0.9317022323116967,0.3538553517825804,-0.08195938213668642,0.3124948719540387,-0.8959228559354154,-0.31570427810683505,-0.18514293210336186,0.26853049403625495,-0.9453113076996461,7.70075,0.56445,1.0189700000000002,54.0
0.9309950500833861,0.3543306747226908,-0.08773818821240875,0.31167405908768553,-0.8967253809602931,-0.3142337856332815,-0.19001972953364415,0.2652043817363882,-0.9452825706082709,7.652920000000001,0.5777300000000001,1.04582,51.0
0.9303773997304967,0.3545808911665699,-0.0931143688709792,0.31076656925809215,-0.8975499212037701,-0.31277512429645304,-0.19447887675085712,0.26206207388065017,-0.9452520488901875,7.60867,0.58902,1.07017,52.0
0.9297700996197965,0.3547118862605221,-0.09852430968292203,0.3097855004434517,-0.8984425293645616,-0.31118156298856964,-0.19889822917259484,0.25880591023875676,-0.9452295992284069,7.56434,0.5995900000000001,1.0941800000000002,50.0
0.929192298277891,0.3546660949397478,-0.10398862399916912,0.3086661898115358,-0.8994159666204175,-0.30947714334905063,-0.20329007867645618,0.25546600573941275,-0.945203821312245,7.51977,0.6093200000000001,1.11796,53.0
0.9285847552452933,0.35445833873146115,-0.10995289186634248,0.3073446689749358,-0.9005460482034592,-0.30749970653290065,-0.20801347739684078,0.2517461045753552,-0.9451742125409517,7.471240000000001,0.61913,1.14352,50.0
0.9280725897990577,0.3541255122596422,-0.11522321654300295,0.30608493712011775,-0.9016127858810564,-0.3056245991473427,-0.21211619299771367,0.24837372224663049,-0.9451545983411974,7.428450000000001,0.62699,1.16585,52.0
0.9275318522706651,0.35352978212916514,-0.12124914915600023,0.3044849527586714,-0.9029087222489357,-0.30338878164880106,-0.21673388421494827,0.244484217148059,-0.9451210985892771,7.3797299999999995,0.6351,1.19087,59.0
0.9270394627798128,0.35286410390520734,-0.1268257017488612,0.3029480556472591,-0.9041575421139807,-0.30120028987029596,-0.22095318515120183,0.2408029551595664,-0.9450892162954557,7.33472,0.64184,1.21359,51.0
0.9265836119578295,0.35200570493684513,-0.1324190082393654,0.30127219031619584,-0.9054796704622954,-0.2989007088007234,-0.22511747465104584,0.2370623337255577,-0.9450521533414588,7.289610000000001,0.64783,1.23616,52.0
0.9261711478745888,0.35103165458322166,-0.1377816472728953,0.29957425616026384,-0.9068090328875106,-0.29656810839947484,-0.22904643610126615,0.23339699088502364,-0.9450204097029465,7.2464200000000005,0.65271,1.2575100000000001,51.0
0.9257613735266316,0.3498677744164263,-0.14338207597528083,0.29771546761242784,-0.9082540280582027,-0.29400700818239517,-0.2330909256715027,0.22949326992516836,-0.9449875445891632,7.201309999999999,0.6572,1.27969,52.0
0.9253446749891201,0.3484059909425517,-0.14950082924391567,0.29555966228725045,-0.9098955497967498,-0.29109203783119325,-0.2374483491160263,0.22517405253583056,-0.9449417588225555,7.15208,0.66121,1.3034800000000002,49.0
0.9249969218802561,0.3468638057807988,-0.15513282937957293,0.29343991106222356,-0.9114693679682988,-0.28829951413636506,-0.24139948862382804,0.22115399949973807,-0.9448900440778409,7.10672,0.6642100000000001,1.3252199999999998,49.0
0.9246881385530091,0.34523750888130217,-0.16050828290404112,0.2913246430936698,-0.9130255825940343,-0.28550698389911583,-0.24511588839917503,0.21724490325495982,-0.9448401204775475,7.06333,0.6663899999999999,1.34583,52.0
0.9243633140806408,0.34320212086207863,-0.16662763221514593,0.28880549572853653,-0.9148570754717991,-0.2821841900181178,-0.24928668078910476,0.21271773714234116,-0.9447789768438928,7.01396,0.66798,1.369,51.0
0.9241104497220923,0.3411092601762727,-0.17223341527249642,0.28633814786183687,-0.9166052279921996,-0.27900774379292925,-0.25304217394237893,0.20851697446338494,-0.9447170632348878,6.96865,0.66865,1.39023,50.0
0.9238688855996487,0.33888540283979274,-0.17782847343149083,0.2838081371266447,-0.9183906238700699,-0.2757020190137307,-0.25674739243382133,0.20424334929112212,-0.9446509570993817,6.92318,0.66873,1.4112600000000002,50.0
0.9236514248335981,0.3362217899977934,-0.18391017735172746,0.2808834193836543,-0.9203980287758592,-0.27197789127217487,-0.2607154581497045,0.19955544732277425,-0.9445660767387304,6.8737699999999995,0.6679200000000001,1.43389,59.0
0.9234684610471148,0.3336238663288209,-0.1894759015470898,0.2781209232673371,-0.9222800714007325,-0.2684179985358354,-0.26430049847133735,0.195178343350047,-0.9444843359182479,6.82831,0.6665099999999999,1.4545500000000002,49.0
0.9233351422859336,0.33093823588189786,-0.19476164676648294,0.2753459794462606,-0.9241277002016409,-0.26490108592228434,-0.2676505307721141,0.1909656454742668,-0.9444020942511735,6.7848500000000005,0.6644199999999999,1.4742300000000002,53.0
0.9232165677696674,0.3278296581171179,-0.2004965941217166,0.27221799001098645,-0.926183665176532,-0.26092371351516525,-0.27123520219538844,0.1863103153853246,-0.9443092350872396,6.73752,0.6615000000000001,1.49561,53.0
0.923134348090297,0.32480624598752095,-0.20572767908912076,0.2692461972704129,-0.9281046001615123,-0.25715430467806927,-0.27446212968517925,0.18199657613958953,-0.9442180816115219,6.6940800000000005,0.6581100000000001,1.5150299999999999,52.0
0.9230923253792359,0.32143127412195305,-0.21114567208989338,0.2659955242954979,-0.9301530336332682,-0.2531041585545198,-0.2777533796026937,0.17747470253297,-0.944116407060123,6.64874,0.6538700000000001,1.53526,50.0
0.9230592130065848,0.31791947447458674,-0.21653844239180028,0.26267802168237153,-0.9322194532546684,-0.24893201461162573,-0.2810016836403298,0.1728990998338906,-0.9440042134799667,6.60338,0.64905,1.5553100000000002,49.0
0.9230744685933264,0.31384112760084987,-0.22234493935634128,0.25888889571009327,-0.9345084111332567,-0.24427560090849174,-0.28444694603591103,0.16792193468223066,-0.943870837955819,6.554130000000001,0.64303,1.5770400000000002,60.0
0.923107933681424,0.30993928533129456,-0.227616744073757,0.2553458139958005,-0.9366339137767158,-0.23982374118951172,-0.28752436079267074,0.1632622153826115,-0.9437558958645652,6.50887,0.63675,1.59702,51.0
0.9231861613900051,0.3057991188295753,-0.23283945185694518,0.25162742022934875,-0.9387903332731997,-0.23527930538302172,-0.2905356308728933,0.15861780819267982,-0.943625687504023,6.463730000000001,0.62979,1.61679,49.0
0.9232793893149668,0.3015191900238252,-0.237994427064077,0.24784691554222094,-0.9409527049135652,-0.23060770492776733,-0.29347414830337115,0.15392915631296553,-0.9434928399910566,6.41853,0.62228,1.63654,52.0
0.9234001361242861,0.29723241761783653,-0.24286843871262037,0.24410903683834356,-0.943041586805793,-0.22601624651486468,-0.29621439320111714,0.14941705214555623,-0.9433618488091544,6.37538,0.61442,1.65534,50.0
0.9235807268699784,0.2921203740505499,-0.2483230315916938,0.23969348664010418,-0.9454316095542621,-0.22069459467315375,-0.2992418309939851,0.14430786090925274,-0.9432017641327666,6.32648,0.60483,1.6767400000000001,63.0
0.9237684135616351,0.287247881331156,-0.2532598917645313,0.235543960245636,-0.9476340075091847,-0.21565906102894122,-0.301945294544595,0.13956519079929802,-0.9430538672947232,6.28157,0.5952900000000001,1.69624,52.0
0.9239868790563491,0.2821702307657578,-0.25812440450547564,0.2312554834249404,-0.949843189346602,-0.21052034827486985,-0.30458028287728106,0.13482535563266407,-0.942896057241158,6.23664,0.58522,1.71576,49.0
0.9242487927282376,0.27645469273792345,-0.2633191447722245,0.2264848480882938,-0.9522434974537954,-0.20478509502252792,-0.3073577438862048,0.1296345803408321,-0.9427227019930297,6.1879100000000005,0.5734899999999999,1.7368700000000001,50.0
0.924505964376749,0.2712379829033984,-0.26780343250659244,0.2221621296408176,-0.9543507490750662,-0.1996462769332717,-0.3097300598670943,0.1250783928996363,-0.9425617675486156,6.1451400000000005,0.56265,1.7553999999999998,51.0
0.9248093014705523,0.26559884359145963,-0.27236925339771456,0.21754175723563135,-0.9565512246605471,-0.19412711932968402,-0.31209508130116814,0.12027887962267986,-0.9424063090537595,6.100549999999999,0.55058,1.77488,49.0
0.925133789284579,0.25975767633334873,-0.27686354312161693,0.21277167579013803,-0.9587405632406606,-0.1885331439785513,-0.3144132406649131,0.1155096618594307,-0.9422323663044628,6.05593,0.53808,1.79426,53.0
0.9254721051873753,0.25376048124517503,-0.2812596677063119,0.2079148615881374,-0.9609091281206836,-0.18282521113110517,-0.31665879563156535,0.11072156814534691,-0.9420551690302441,6.011420000000001,0.5249900000000001,1.8135700000000001,54.0
0.9258804185578245,0.24698076975716832,-0.28591248643832334,0.20244278998593732,-0.963254739592963,-0.17651408848701722,-0.31900214311803216,0.1055500166833217,-0.9418581775746564,5.963150000000001,0.5101,1.8345900000000002,51.0
0.9262777165534835,0.24057477823177356,-0.2900575251483703,0.19732223753240188,-0.9653873331220654,-0.17056151858691,-0.321050660163892,0.10075253409319015,-0.9416875280485186,5.918869999999999,0.49567,1.85393,54.0
0.9267312582186775,0.23340480078427892,-0.29443398922556147,0.19160936270862677,-0.9676714647258101,-0.16400545258557478,-0.32319502960723406,0.09557267039408487,-0.9414939391790702,5.870850000000001,0.47951,1.87503,61.0
0.9271656116116076,0.22659986912205554,-0.29835620985449746,0.18620218715474285,-0.969744071827467,-0.15787710617526146,-0.3251040973959937,0.09082364488035015,-0.9413067467021493,5.82671,0.46408000000000005,1.89434,51.0
0.9276219684986609,0.21963785270438274,-0.3021203356579583,0.18070588414508484,-0.9717776575763791,-0.15163630063645323,-0.32689886355570696,0.08606624131896029,-0.9411321560286918,5.78271,0.44811,1.91372,49.0
0.9280776437513946,0.21276273759221687,-0.3056205239527038,0.17527972381197504,-0.9736954519966696,-0.1455822282471281,-0.3285557876362209,0.08154253033397131,-0.9409579747031618,5.740670000000001,0.43228,1.93226,50.0
0.9285568978644999,0.2054395767608142,-0.30915476339301995,0.16952408094426066,-0.9756504703854036,-0.1391680481171747,-0.33021761523010906,0.07681627390779915,-0.9407739296210655,5.69681,0.41521,1.9516200000000001,54.0
0.9291000890390803,0.19726938996403293,-0.3128223334910591,0.16312304472368142,-0.9777247954475977,-0.13207988736756596,-0.33190947083150385,0.0716869036168488,-0.9405833780277959,5.64928,0.39607,1.9728100000000002,53.0
0.9296191356115153,0.1895471512649884,-0.3160381941351813,0.1570741948037347,-0.9795822454677042,-0.1254843483913788,-0.33337060463042834,0.06701120661335783,-0.9404113664543643,5.60566,0.37801,1.9923,50.0
0.9301833596862675,0.18097950137782906,-0.31938274443651493,0.15037650995863858,-0.981534087146645,-0.11822749689417307,-0.33488180394794115,0.061945587818944776,-0.9402217406199125,5.5583100000000005,0.35781,2.0135,61.0
0.9307557042545624,0.1722012609874392,-0.3225531657136993,0.14352594840630922,-0.9834177185827752,-0.11085978942573892,-0.33629469387973215,0.05688863235995003,-0.9400370005359107,5.51106,0.33696,2.03473,60.0
0.9312874286865228,0.16393123304570253,-0.32531565594443856,0.13706395541113767,-0.9850851265480721,-0.10402290892309361,-0.3375162178288599,0.052286176814566675,-0.939866457756961,5.4676800000000005,0.31736000000000003,2.0543,50.0
0.9318735570450837,0.15476866812221168,-0.328113293006882,0.1299151480144866,-0.986817710247251,-0.09650316605555921,-0.33872367498673217,0.04730186159179665,-0.9396961242302924,5.420610000000001,0.29552,2.07571,53.0
0.9324656782204422,0.14540169732095845,-0.3307054661735651,0.12261023618737564,-0.9884665504197359,-0.08888536821875548,-0.33981537475953993,0.04233467984397858,-0.939538868785928,5.3737900000000005,0.27305,2.09722,52.0
0.9330499185913292,0.13581292261950142,-0.3331256511682389,0.11510725587927897,-0.9900268023162733,-0.08122345929198634,-0.3408345185873286,0.03744036251112009,-0.9393774801401085,5.326960000000001,0.25014,2.11872,46.0
0.933623272230974,0.12606157771722087,-0.3353446945639274,0.10748708634201061,-0.9914884742602206,-0.0734651732376996,-0.3417515352100614,0.03254357129426844,-0.9392267054066239,5.280220000000001,0.22664,2.14028,51.0
0.9341438593102491,0.11692833383971854,-0.33719877647823826,0.10033786995556244,-0.992743252583554,-0.0662808139856973,-0.34250191527308893,0.02808200839137577,-0.9390973532275408,5.237279999999999,0.20457,2.1602,52.0
0.9346580007674122,0.10761465465988994,-0.3388709307448732,0.09302677537155617,-0.993910875403409,-0.059052441260282605,-0.3431624114984536,0.023669766734417303,-0.938977796051272,5.194529999999999,0.18216000000000002,2.18017,51.0
0.9351577274088286,0.09818177682295247,-0.34035329228236205,0.08562103905442892,-0.9949818885140631,-0.05176948135946777,-0.3437281811821588,0.019271228006442008,-0.9388714274235471,5.1517800000000005,0.15933,2.20032,50.0
0.9356185685150256,0.08895276194672076,-0.34162157483382727,0.07834072377722479,-0.9959210673110093,-0.04476559710492821,-0.34421014692765056,0.01512064245163592,-0.9387708671043723,5.11099,0.13699,2.2195300000000002,50.0
0.9360800717825754,0.07922514784821733,-0.34274987258926404,0.07066646685063992,-0.9967982733248001,-0.03740926034479482,-0.34461623536098246,0.010797140599498304,-0.938681560530779,5.06835,0.11338,2.23974,48.0
0.9364980725522836,0.06976475715936778,-0.3436629726408595,0.0631815557928742,-0.9975410232832003,-0.03033146674160828,-0.3449339808042252,0.006692198861346382,-0.9386030914933908,5.0277,0.09038,2.2591,53.0
0.9369372516710556,0.059282017247188866,-0.34443319941926787,0.05485626985684397,-0.9982386913388206,-0.02258992632905522,-0.3451657226441847,0.002271022955197105,-0.9385390063104755,4.98339,0.06489,2.28037,53.0
0.9373578156640883,0.048219335695414645,-0.345014812839307,0.04604157702028223,-0.9988341570277605,-0.014508616065240907,-0.3453121755729655,-0.0022852614152560945,-0.9384850979005097,4.93734,0.03798,2.30268,51.0
0.9376954579871033,0.038345317983833366,-0.3453358722447978,0.038150179891308054,-0.9992448812799641,-0.007364170696766852,-0.3453574841300206,-0.00626927623486081,-0.9384502673721573,4.89684,0.01389,2.32232,52.0
0.9380189296175131,0.027641483275696058,-0.3454800082226675,0.02955158474431612,-0.9995632221949257,0.0002620580030911215,-0.3453218665510692,-0.010455297108016426,-0.9384260734037969,4.8536399999999995,-0.012130000000000002,2.34338,61.0
0.9380189296175131,0.027641483275696058,-0.3454800082226675,0.02955158474431612,-0.9995632221949257,0.0002620580030911215,-0.3453218665510692,-0.010455297108016426,-0.9384260734037969,4.8536399999999995,-0.012130000000000002,2.34338,51.0
0.9380189296175131,0.027641483275696058,-0.3454800082226675,0.02955158474431612,-0.9995632221949257,0.0002620580030911215,-0.3453218665510692,-0.010455297108016426,-0.9384260734037969,4.8536399999999995,-0.012130000000000002,2.34338,52.0
0.9380189296175131,0.027641483275696058,-0.3454800082226675,0.02955158474431612,-0.9995632221949257,0.0002620580030911215,-0.3453218665510692,-0.010455297108016426,-0.9384260734037969,4.8536399999999995,-0.012130000000000002,2.34338,53.0
0.9380189296175131,0.027641483275696058,-0.3454800082226675,0.02955158474431612,-0.9995632221949257,0.0002620580030911215,-0.3453218665510692,-0.010455297108016426,-0.9384260734037969,4.8536399999999995,-0.012130000000000002,2.34338,50.0
0.9380189296175131,0.027641483275696058,-0.3454800082226675,0.02955158474431612,-0.9995632221949257,0.0002620580030911215,-0.3453218665510692,-0.010455297108016426,-0.9384260734037969,4.8536399999999995,-0.012130000000000002,2.34338,50.0
0.9380189296175131,0.027641483275696058,-0.3454800082226675,0.02955158474431612,-0.9995632221949257,0.0002620580030911215,-0.3453218665510692,-0.010455297108016426,-0.9384260734037969,4.8536399999999995,-0.012130000000000002,2.34338,53.0
0.9380189296175131,0.027641483275696058,-0.3454800082226675,0.02955158474431612,-0.9995632221949257,0.0002620580030911215,-0.3453218665510692,-0.010455297108016426,-0.9384260734037969,4.8536399999999995,-0.012130000000000002,2.34338,52.0
0.9380189296175131,0.027641483275696058,-0.3454800082226675,0.02955158474431612,-0.9995632221949257,0.0002620580030911215,-0.3453218665510692,-0.010455297108016426,-0.9384260734037969,4.8536399999999995,-0.012130000000000002,2.34338,46.0
0.9380189296175131,0.027641483275696058,-0.3454800082226675,0.02955158474431612,-0.9995632221949257,0.0002620580030911215,-0.3453218665510692,-0.010455297108016426,-0.9384260734037969,4.8536399999999995,-0.012130000000000002,2.34338,53.0
0.9380189296175131,0.027641483275696058,-0.3454800082226675,0.02955158474431612,-0.9995632221949257,0.0002620580030911215,-0.3453218665510692,-0.010455297108016426,-0.9384260734037969,4.8536399999999995,-0.012130000000000002,2.34338,60.0
0.9380189296175131,0.027641483275696058,-0.3454800082226675,0.02955158474431612,-0.9995632221949257,0.0002620580030911215,-0.3453218665510692,-0.010455297108016426,-0.9384260734037969,4.8536399999999995,-0.012130000000000002,2.34338,50.0
0.9380189296175131,0.027641483275696058,-0.3454800082226675,0.02955158474431612,-0.9995632221949257,0.0002620580030911215,-0.3453218665510692,-0.010455297108016426,-0.9384260734037969,4.8536399999999995,-0.012130000000000002,2.34338,51.0
0.9380189296175131,0.027641483275696058,-0.3454800082226675,0.02955158474431612,-0.9995632221949257,0.0002620580030911215,-0.3453218665510692,-0.010455297108016426,-0.9384260734037969,4.8536399999999995,-0.012130000000000002,2.34338,49.0
0.9380189296175131,0.027641483275696058,-0.3454800082226675,0.02955158474431612,-0.9995632221949257,0.0002620580030911215,-0.3453218665510692,-0.010455297108016426,-0.9384260734037969,4.8536399999999995,-0.012130000000000002,2.34338,54.0
0.9380189296175131,0.027641483275696058,-0.3454800082226675,0.02955158474431612,-0.9995632221949257,0.0002620580030911215,-0.3453218665510692,-0.010455297108016426,-0.9384260734037969,4.8536399999999995,-0.012130000000000002,2.34338,50.0
0.9380189296175131,0.027641483275696058,-0.3454800082226675,0.02955158474431612,-0.9995632221949257,0.0002620580030911215,-0.3453218665510692,-0.010455297108016426,-0.9384260734037969,4.8536399999999995,-0.012130000000000002,2.34338,51.0
0.9380189296175131,0.027641483275696058,-0.3454800082226675,0.02955158474431612,-0.9995632221949257,0.0002620580030911215,-0.3453218665510692,-0.010455297108016426,-0.9384260734037969,4.8536399999999995,-0.012130000000000002,2.34338,52.0
0.9380189296175131,0.027641483275696058,-0.3454800082226675,0.02955158474431612,-0.9995632221949257,0.0002620580030911215,-0.3453218665510692,-0.010455297108016426,-0.9384260734037969,4.8536399999999995,-0.012130000000000002,2.34338,54.0
0.9380189296175131,0.027641483275696058,-0.3454800082226675,0.02955158474431612,-0.9995632221949257,0.0002620580030911215,-0.3453218665510692,-0.010455297108016426,-0.9384260734037969,4.8536399999999995,-0.012130000000000002,2.34338,54.0
0.9380189296175131,0.027641483275696058,-0.3454800082226675,0.02955158474431612,-0.9995632221949257,0.0002620580030911215,-0.3453218665510692,-0.010455297108016426,-0.9384260734037969,4.8536399999999995,-0.012130000000000002,2.34338,52.0
0.9380189296175131,0.027641483275696058,-0.3454800082226675,0.02955158474431612,-0.9995632221949257,0.0002620580030911215,-0.3453218665510692,-0.010455297108016426,-0.9384260734037969,4.8536399999999995,-0.012130000000000002,2.34338,52.0
0.9380189296175131,0.027641483275696058,-0.3454800082226675,0.02955158474431612,-0.9995632221949257,0.0002620580030911215,-0.3453218665510692,-0.010455297108016426,-0.9384260734037969,4.8536399999999995,-0.012130000000000002,2.34338,52.0
0.9380189296175131,0.027641483275696058,-0.3454800082226675,0.02955158474431612,-0.9995632221949257,0.0002620580030911215,-0.3453218665510692,-0.010455297108016426,-0.9384260734037969,4.8536399999999995,-0.012130000000000002,2.34338,61.0
0.9380189296175131,0.027641483275696058,-0.3454800082226675,0.02955158474431612,-0.9995632221949257,0.0002620580030911215,-0.3453218665510692,-0.010455297108016426,-0.9384260734037969,4.8536399999999995,-0.012130000000000002,2.34338,51.0
0.9380189296175131,0.027641483275696058,-0.3454800082226675,0.02955158474431612,-0.9995632221949257,0.0002620580030911215,-0.3453218665510692,-0.010455297108016426,-0.9384260734037969,4.8536399999999995,-0.012130000000000002,2.34338,50.0
0.9380189296175131,0.027641483275696058,-0.3454800082226675,0.02955158474431612,-0.9995632221949257,0.0002620580030911215,-0.3453218665510692,-0.010455297108016426,-0.9384260734037969,4.8536399999999995,-0.012130000000000002,2.34338,52.0
