Xx,Xy,Xz,Yx,Yy,Yz,Zx,Zy,Zz,Px,Py,Pz,cmdCostTime
0.9911143542301396,0.12274459969555414,0.051245488431193295,0.13063073309801762,-0.9708100368133136,-0.20115537276644363,0.025058898803575837,0.20606221310106967,-0.9782179797584184,9.553386162317038,-3.1275766141523142,-1.5467096214479636,27.0
0.9911143542301396,0.12274459969555414,0.051245488431193295,0.13063073309801762,-0.9708100368133136,-0.20115537276644363,0.025058898803575837,0.20606221310106967,-0.9782179797584184,9.553386162317038,-3.1275766141523142,-1.5467096214479636,22.0
0.9911143542301396,0.12274459969555414,0.051245488431193295,0.13063073309801762,-0.9708100368133136,-0.20115537276644363,0.025058898803575837,0.20606221310106967,-0.9782179797584184,9.553386162317038,-3.1275766141523142,-1.5467096214479636,24.0
0.9911143542301396,0.12274459969555414,0.051245488431193295,0.13063073309801762,-0.9708100368133136,-0.20115537276644363,0.025058898803575837,0.20606221310106967,-0.9782179797584184,9.553386162317038,-3.1275766141523142,-1.5467096214479636,25.0
0.9911143542301396,0.12274459969555414,0.051245488431193295,0.13063073309801762,-0.9708100368133136,-0.20115537276644363,0.025058898803575837,0.20606221310106967,-0.9782179797584184,9.553386162317038,-3.1275766141523142,-1.5467096214479636,19.0
0.9911143542301396,0.12274459969555414,0.051245488431193295,0.13063073309801762,-0.9708100368133136,-0.20115537276644363,0.025058898803575837,0.20606221310106967,-0.9782179797584184,9.553386162317038,-3.1275766141523142,-1.5467096214479636,18.0
0.9911143542301396,0.12274459969555414,0.051245488431193295,0.13063073309801762,-0.9708100368133136,-0.20115537276644363,0.025058898803575837,0.20606221310106967,-0.9782179797584184,9.553386162317038,-3.1275766141523142,-1.5467096214479636,25.0
0.9911143542301396,0.12274459969555414,0.051245488431193295,0.13063073309801762,-0.9708100368133136,-0.20115537276644363,0.025058898803575837,0.20606221310106967,-0.9782179797584184,9.553386162317038,-3.1275766141523142,-1.5467096214479636,28.0
0.9911143542301396,0.12274459969555414,0.051245488431193295,0.13063073309801762,-0.9708100368133136,-0.20115537276644363,0.025058898803575837,0.20606221310106967,-0.9782179797584184,9.553386162317038,-3.1275766141523142,-1.5467096214479636,24.0
0.9911143542301396,0.12274459969555414,0.051245488431193295,0.13063073309801762,-0.9708100368133136,-0.20115537276644363,0.025058898803575837,0.20606221310106967,-0.9782179797584184,9.553386162317038,-3.1275766141523142,-1.5467096214479636,16.0
0.9911558932086217,0.12243860654579825,0.05117404600910629,0.13031718957650043,-0.9708447176768347,-0.20119136228941178,0.02504846220232583,0.2060808622509867,-0.978214318416567,9.553497460738472,-3.1280688776857977,-1.5469387230500917,26.0
0.9911558932086217,0.12243860654579825,0.05117404600910629,0.13031718957650043,-0.9708447176768347,-0.20119136228941178,0.02504846220232583,0.2060808622509867,-0.978214318416567,9.553497460738472,-3.1280688776857977,-1.5469387230500917,27.0
0.9911558932086217,0.12243860654579825,0.05117404600910629,0.13031718957650043,-0.9708447176768347,-0.20119136228941178,0.02504846220232583,0.2060808622509867,-0.978214318416567,9.553497460738472,-3.1280688776857977,-1.5469387230500917,18.0
0.9911539228419546,0.12245168406756969,0.051180917381589204,0.1303312595884283,-0.9708441029983296,-0.2011852142863937,0.02505322352709667,0.2060759877869922,-0.9782152233780239,9.553536653128273,-3.111254186450718,-1.5468975888853178,24.0
0.9911578456367193,0.12242433948675513,0.05117036382525443,0.130302608338066,-0.970845434214929,-0.20119734870102618,0.025047061565655553,0.20608596256236741,-0.9782132797819038,9.553492188164002,-3.0913052298133534,-1.5469315774158066,28.0
0.9911546179710854,0.12244732675717786,0.051177880423213244,0.13032667801422038,-0.9708421841259905,-0.20119744163197936,0.02504955633079182,0.20608761654087074,-0.9782128674455953,9.553499842223776,-3.0704102772845148,-1.5469049529323962,26.0
0.9911568543487962,0.12243153864554525,0.051172340402638135,0.1303102190025712,-0.9708431892570611,-0.2012032522020457,0.025046694410660937,0.2060922614220691,-0.9782119621437046,9.553512138054558,-3.050459187394985,-1.5469137092933882,27.0
0.9911565988023575,0.12243397493780611,0.051171461103542815,0.13031253964129658,-0.9708419409311536,-0.20120777256673214,0.025044733234319463,0.20609669456339916,-0.9782110783605259,9.553493189881618,-3.032013484886683,-1.546933081544342,20.0
0.991155713653829,0.12244059005916616,0.05117277789344674,0.13031880263814674,-0.9708450525204909,-0.20118870165952293,0.025047174897153173,0.2060781063151736,-0.9782149319690554,9.553467230182758,-3.0097206848201496,-1.5469177000940169,28.0
0.9911569926240255,0.12243284780162998,0.05116652960364232,0.1303103163664057,-0.9708430613844016,-0.2012038061524931,0.025040715265038743,0.20609208607063426,-0.9782121521623363,9.553463169256368,-2.98962271096115,-1.5469786848708886,26.0
0.991157539279687,0.12242571671604012,0.05117300280029792,0.13030453086633387,-0.9708449419007144,-0.20119847917293715,0.025049182915616117,0.20608746364677819,-0.9782129092191014,9.55348054223035,-2.968926552999254,-1.546933046909982,25.0
0.9911564825471113,0.12243270866563408,0.05117674231165799,0.1303119676434244,-0.9708454291715419,-0.2011913113074801,0.025052309149797482,0.20608101442277546,-0.9782141878447395,9.553483161230304,-2.9489523139663416,-1.5468762750676983,30.0
0.9911547353669106,0.12244532951763407,0.05118038529620026,0.13032522660665688,-0.9708424761081754,-0.2011969728750156,0.02505246234750176,0.206087427718103,-0.9782128328062675,9.55350815120304,-2.931284160932444,-1.546887721883207,20.0
0.9911552546916217,0.12244454844278152,0.05117219610130059,0.1303225360651149,-0.97084474390645,-0.2011877725478765,0.025045911657264157,0.20607720831247353,-0.9782151534930309,9.553491620474496,-2.912924729287252,-1.5469091263990042,20.0
0.9911561987673267,0.12243745897466231,0.05117087340403044,0.130315669420845,-0.9708428287137071,-0.20120146182014792,0.025044279756073425,0.20609044270658286,-0.9782124071368676,9.553448043873786,-2.894505227808358,-1.5469067107453198,16.0
0.9911543324182407,0.1224522241428273,0.0511716926730624,0.13033037760156338,-0.9708402345787509,-0.20120445223033606,0.02504160543546367,0.20609389055852803,-0.9782117491993563,9.553454037290965,-2.8744283683757996,-1.5469373552401309,20.0
0.9911547631328517,0.12244789025331876,0.051173720712610844,0.13032637812097905,-0.970842171318573,-0.20119769768888038,0.025045372525252834,0.20608734207114648,-0.9782130323979138,9.553490989762537,-2.8560725599791104,-1.5469189639034768,20.0
0.9911553138755337,0.12244324770065863,0.051174162121206616,0.13032175182035458,-0.9708441680975503,-0.20119105912900148,0.025047650164561758,0.20608069381553104,-0.9782143746938824,9.553476739596231,-2.8377313004282607,-1.5469124233853924,22.0
0.9911544908279448,0.12244691765182154,0.05118132148709734,0.1303271912047405,-0.9708404659460917,-0.20120539981386712,0.02505191697815994,0.2060959534759068,-0.9782110505492035,9.553500370179488,-2.820028221645526,-1.5468513232185725,17.0
0.9911538396421032,0.12245370030510411,0.051177704562661554,0.13033294063978354,-0.9708408902796014,-0.20119962809433187,0.025047769299918983,0.20608992465110607,-0.9782124269351723,9.55348372697193,-2.801632219722644,-1.5468944655664112,19.0
0.9911529782967523,0.12246279135019288,0.05117263280501423,0.13034060300334394,-0.970841446275398,-0.20119198145706116,0.025041981195631842,0.20608190344766542,-0.978214264999844,9.553451281166415,-2.784063980310928,-1.546917406979678,20.0
0.9911568717697238,0.12243714025141457,0.05115859879541919,0.13031299998682733,-0.9708417634846771,-0.20120833061380797,0.025031531676833876,0.2060956500293439,-0.9782116363348445,9.553397333099674,-2.765723466259668,-1.5470086437621886,17.0
0.991153962232795,0.12245565108732266,0.05117066217092531,0.13033313214380918,-0.9708430181192002,-0.2011892363790533,0.025041921168620737,0.20607874147029867,-0.9782149326698109,9.5534278182214,-2.7473383411471617,-1.5469180591988514,21.0
0.9911574570376127,0.1224318596132533,0.05115989748204525,0.13030812771250835,-0.9708421573141566,-0.20120958583938012,0.025033721473111985,0.20609693188700057,-0.9782113102269733,9.553450454844583,-2.727284212288615,-1.5469758574752395,24.0
0.9911548445376764,0.1224497150857282,0.05116777721299024,0.1303267785519667,-0.9708434170337468,-0.2011914272390965,0.02504006672836255,0.20608038935731376,-0.9782146329822395,9.553438204555645,-2.708961543135989,-1.5469353427238943,30.0
0.9911572824326509,0.12243224479906747,0.05116235837198709,0.1303090389522245,-0.9708418236792897,-0.20121060549190342,0.025035891197840023,0.20609827468596617,-0.9782109717864538,9.553419062525526,-2.6905207057488303,-1.5469959075575388,18.0
0.9911543002220926,0.12245187542147307,0.05117315074350948,0.13033013609606073,-0.9708418927037984,-0.20119660781556084,0.02504413656799151,0.2060862867273568,-0.9782132863780238,9.553468862134034,-2.6704875054143384,-1.5469245228090291,28.0
0.9911563308644953,0.12243903259355161,0.05116454910175819,0.13031616054714149,-0.9708406991358263,-0.2012114191633053,0.02503649511178945,0.2060995395410066,-0.9782106898380852,9.553438441335581,-2.650456436375884,-1.5469754110457319,27.0
0.9911549758650531,0.12244818391268966,0.051168897529944725,0.13032596166954796,-0.9708398694385852,-0.20120907440614663,0.025039120049502095,0.20609801106501463,-0.9782109446853434,9.553423990023344,-2.632029171783938,-1.54692267615556,20.0
0.9911550277311811,0.12244741992994082,0.05116972108290468,0.1303252763757388,-0.9708408271464326,-0.20120489726449986,0.02504063379367238,0.2060939535700439,-0.9782117607967511,9.55342076842862,-2.61133931025009,-1.5469121610389394,18.0
0.9911542065442731,0.12245548919631455,0.051166317194845955,0.13033278098549309,-0.9708373645139223,-0.20121674349876742,0.025034077777696694,0.20610547015873348,-0.9782095021622248,9.553400443035587,-2.5936215889630327,-1.5469361141705702,21.0
0.9911530463293331,0.12246680945060405,0.051161697929916226,0.13034253192462422,-0.9708391656054386,-0.201201736816593,0.025029245365389172,0.20609025961826702,-0.978212830506181,9.553396860154237,-2.5752589889642956,-1.546984250011454,21.0
0.9911541517616225,0.12245018693083973,0.05118006610293665,0.13033016730730515,-0.9708398001569768,-0.20120668458282187,0.025049849008494916,0.2060971473644499,-0.9782108519705187,9.553455840240968,-2.5553441687698952,-1.5468506192170732,24.0
0.9911560540697153,0.1224411075493667,0.05116494564676184,0.13031833855034658,-0.9708398906074217,-0.20121390966542632,0.02503611628086375,0.2061021154366289,-0.9782101568140242,9.55344064976139,-2.5369207177062347,-1.5469455734690687,17.0
0.9911548985471579,0.12245141716513741,0.05116265747811315,0.13032776204943555,-0.9708402662917999,-0.20120599341384607,0.025032808974602676,0.20609422063880506,-0.978211904800859,9.553409232063313,-2.519287363647626,-1.5469682864546677,19.0
0.9911552306519122,0.12245097965880797,0.051157270567857474,0.1303266136128581,-0.970837246656855,-0.20122130674444366,0.02502563756549593,0.20610870453315389,-0.9782090366481521,9.553369825599894,-2.500858579596648,-1.54698389292568,19.0
0.9911551915223424,0.12244819056466404,0.05116470410105607,0.13032522666866247,-0.9708389648723723,-0.20121391497434254,0.025034408562430076,0.20610226809275997,-0.9782101683559365,9.553403685553803,-2.4809093480621947,-1.5469635361198144,27.0
0.9911549249435635,0.12245053787490218,0.051164250549250105,0.13032729895701653,-0.9708397662812569,-0.20120870595857115,0.025034174775449634,0.206097098429603,-0.9782112635377959,9.553379815530342,-2.4625071331380153,-1.546932524880591,17.0
0.9911563998618163,0.12244229862425501,0.05115539581092125,0.13031756203976078,-0.9708397707326345,-0.2012149909619519,0.02502646672977188,0.20610197250733436,-0.9782104338492869,9.553362049069342,-2.442500561570635,-1.5469788080201865,19.0
0.9911561932146518,0.1224382307731596,0.051169134225412735,0.13031672850377932,-0.9708373266461231,-0.20122732285323755,0.02503898808482664,0.2061159014626172,-0.9782071785874098,9.553403244536954,-2.4241224012421037,-1.5468752086536366,18.0
0.9911564574404083,0.12243670082297535,0.051167676962759784,0.13031506252616878,-0.9708364702218568,-0.20123253356742804,0.025037199383733447,0.20612084411517084,-0.9782061829022902,9.553412031579027,-2.405706868796014,-1.5469069550502057,20.0
0.991154318646156,0.12245060827681674,0.05117582595045599,0.1303296371410862,-0.9708404204492112,-0.20120403501090997,0.02504600390774045,0.20609397505661423,-0.9782116187889088,9.553460629946327,-2.3865449586854597,-1.54685772625538,28.0
0.9911560090562994,0.1224456751942163,0.05115488576686824,0.13032090435743424,-0.9708381860519427,-0.20122047209673768,0.025024539936816817,0.20610743103926654,-0.9782093330526677,9.553368925240651,-2.365668847254104,-1.5469765504220856,28.0
0.991157153550464,0.12243143811698029,0.051166785382214766,0.13030957192887388,-0.9708384362238621,-0.2012266041410013,0.02503821937469222,0.20611471007915394,-0.9782074492966873,9.55341985716324,-2.348130294084259,-1.5468927075216254,18.0
0.9911542953422723,0.12245604209847995,0.051163273723821553,0.13033272953615294,-0.9708370872307787,-0.2012181146639464,0.025030829714961015,0.20610644776627543,-0.978209379301256,9.553367272252885,-2.3297272453726254,-1.546924883169076,18.0
0.9911565433139554,0.12243689628683048,0.05116554576645086,0.13031447044810848,-0.9708393329039647,-0.20121910564957157,0.025036881550223024,0.20610724420609858,-0.9782090566172488,9.553413232971833,-2.31132593950141,-1.5468783096311256,20.0
0.9911561328544858,0.12244047119900697,0.051164942270132276,0.13031788388280513,-0.9708385803219717,-0.20122052603729626,0.025035363892872177,0.20610866544370146,-0.9782087960061329,9.553403132999636,-2.289779428410034,-1.54688375257553,28.0
0.9911517009011308,0.12247350984614634,0.0511717225307208,0.1303515199343077,-0.9708350742399898,-0.20121565514703096,0.025035715520251824,0.20610555065645125,-0.9782094432875763,9.553424804507324,-2.2712540782792603,-1.5468681777318725,19.0
0.9911560881463061,0.12244289604111322,0.05116000527342497,0.1303194641715581,-0.9708365532362262,-0.20122928255709127,0.0250289070586334,0.20611677299402117,-0.9782072529387531,9.553385544437642,-2.2513201135553746,-1.5469522814522898,18.0
0.9911567917969204,0.12243483877310304,0.05116565576087551,0.13031264232287074,-0.9708382460693387,-0.20122553322041775,0.02503655978100233,0.20611358573275612,-0.9782077286807328,9.55339275535286,-2.2329289873761318,-1.546886888773714,20.0
0.9911566094519638,0.12243986133651907,0.051157168564933124,0.13031617044085558,-0.9708348546069615,-0.20123961041979146,0.02502541231062613,0.2061265762490941,-0.9782052766687113,9.55337944541588,-2.2129051362045016,-1.5469346298865863,19.0
0.9911561028653918,0.1224432577178482,0.051158854484140134,0.13031977622278532,-0.9708349291075109,-0.20123691597233634,0.02502669930158598,0.2061242078559784,-0.9782057428055785,9.553373460216843,-2.19445567228,-1.546913124001931,18.0
0.9911526466595549,0.12246778908875731,0.051167095437118254,0.1303450313014844,-0.9708353801888681,-0.2012183823326065,0.02503205614356416,0.20610750886187443,-0.9782091243471295,9.553394895222642,-2.174461205103979,-1.5468957458687511,37.0
0.9911580566612516,0.12242986529066555,0.051153052698743186,0.130305583042393,-0.9708358445713909,-0.2012416903212048,0.02502322408229824,0.20612785105429884,-0.9782050640209671,9.553350169678634,-2.1521518427031587,-1.5469738904535792,24.0
0.9911558925649487,0.12244463231349888,0.051159638890359835,0.13032121482960968,-0.9708353007213528,-0.2012341915247383,0.02502753681676744,0.20612164100572367,-0.9782062622524931,9.553353973710477,-2.133696968579654,-1.5469222143720627,19.0
0.9911550686204208,0.1224486398220259,0.05116600975046929,0.13032640544315713,-0.9708350060366114,-0.2012322516351649,0.025033137883916545,0.2061206483097419,-0.9782063281067327,9.553369926707338,-2.1136946475688654,-1.546875944926081,27.0
0.9911544245937329,0.12245230427553734,0.051169715514916114,0.13033073212048313,-0.9708346478783092,-0.20123117736558083,0.02503611138346214,0.2061201582975575,-0.978206355259556,9.55339254180982,-2.093736372716509,-1.5468638390236786,27.0
0.9911566973777137,0.12243743898511107,0.051161262475337366,0.13031446115454368,-0.9708365549680791,-0.20123251415144816,0.02503083013613567,0.2061200064828232,-0.9782065224022058,9.553400908269518,-2.0753323163545083,-1.546902508669424,19.0
0.9911548050520378,0.12245254546207311,0.05116176826611359,0.13032934861228165,-0.970834667550046,-0.20123197850562927,0.02502825028952145,0.20611992235795792,-0.9782066061393139,9.553333490043743,-2.0552889732328827,-1.5469112028200254,29.0
0.9911527290793658,0.12246900912997381,0.051162578524224255,0.13034546261836316,-0.9708339573557385,-0.20122496768492817,0.02502654617261198,0.20611348584631212,-0.9782080059675204,9.553331697091094,-2.037743394769159,-1.5469009897920187,20.0
0.9911531018877738,0.12246410585823637,0.05116709288778398,0.13034153994292397,-0.9708349021366087,-0.20122295037770463,0.025032210920164708,0.20611194911926792,-0.9782081848189091,9.553383758392988,-2.01691054258454,-1.5468733393796446,25.0
0.9911562417931079,0.12244495786463291,0.05115209329138648,0.1303204590871143,-0.9708314896724316,-0.20125306607286952,0.025017639734519058,0.20613939689912583,-0.9782027738399532,9.55331331647875,-1.9992602427419977,-1.5469701925632935,19.0
0.991155316203422,0.12245446768191415,0.05114726294175998,0.13032852835925254,-0.9708324210845869,-0.20124334738507715,0.025012274135032687,0.20612936112009458,-0.9782050258646272,9.553284162363143,-1.9784885703873734,-1.5470041886837007,20.0
0.9911529710690409,0.12247016042224144,0.05115513412320861,0.1303450909914518,-0.9708337066209474,-0.20122641810423958,0.025018896767107168,0.20611398277356768,-0.9782080969352965,9.55331865721502,-1.9608978110896644,-1.5469642277766615,19.0
0.9911535701083773,0.12246283809863029,0.05116105693050614,0.13033917116718483,-0.9708342583438578,-0.2012275907657357,0.025026004892293924,0.2061157347481258,-0.9782075459575904,9.553343349374174,-1.9424816624962056,-1.546924339000686,19.0
0.9911540536867114,0.1224595668991554,0.05115951852071216,0.13033561619341524,-0.9708350056261771,-0.2012262880498048,0.025025367367584254,0.20611415847944936,-0.9782078943979271,9.5533748494552,-1.9225575305157006,-1.546937033124359,17.0
0.9911567901706263,0.12243647207599745,0.051161778743945584,0.13031381764992708,-0.9708350453208049,-0.20124021393959088,0.025030505950989042,0.20612769120749944,-0.9782049114011355,9.55338824533434,-1.9025346371835585,-1.5468508613203862,17.0
0.9911568043761393,0.12244311959835975,0.051145592204030865,0.13031698965235614,-0.970834606092671,-0.20124027882319054,0.025013423332821447,0.20612581128017315,-0.9782057445022819,9.55327219411677,-1.884181971752548,-1.5469863583008525,21.0
0.9911551039544628,0.12244843002132515,0.051165827368772065,0.1303262887603808,-0.9708339973925094,-0.2012371932939502,0.02503234633357776,0.20612552363109599,-0.978205321057314,9.553376470184652,-1.8641365607939908,-1.5468395790424618,27.0
0.9911531947606983,0.12246801914295198,0.05115592637087681,0.1303434582452711,-0.970831485452759,-0.20123819156972286,0.025018541290896475,0.2061257168351168,-0.9782056335203172,9.553354316694127,-1.8440937695764565,-1.5469359369722402,29.0
0.9911578574588931,0.12243166766330697,0.05115259866984506,0.13030744247058743,-0.9708340737322679,-0.20124902910867254,0.02502143149924132,0.20613512081542618,-0.9782035779591786,9.553326731763182,-1.8241394501534884,-1.5469310824699365,30.0
0.9911556035225982,0.12245087582270972,0.05115029438825797,0.13032567542541218,-0.9708324832280764,-0.20124489517529834,0.025015753649734875,0.20613120219767325,-0.9782045489312949,9.553271943636343,-1.8041610546082418,-1.5469612820103538,29.0
0.9911558683364571,0.12244605436678897,0.05115670466526315,0.13032265912551866,-0.9708297827225586,-0.20125987552744648,0.025020974814292708,0.20614678447376944,-0.9782011317057797,9.553306983309684,-1.7856484619699158,-1.5468878761364813,17.0
0.9911551350404206,0.12245252747400633,0.051155418073092346,0.13032834091249554,-0.9708322051951455,-0.20124451026283213,0.02502042841362755,0.20613153051185207,-0.978204360188013,9.553316988567179,-1.7798536612301965,-1.5469204085536146,17.0
0.9911551350404206,0.12245252747400633,0.051155418073092346,0.13032834091249554,-0.9708322051951455,-0.20124451026283213,0.02502042841362755,0.20613153051185207,-0.978204360188013,9.553316988567179,-1.7798536612301965,-1.5469204085536146,20.0
0.9911551350404206,0.12245252747400633,0.051155418073092346,0.13032834091249554,-0.9708322051951455,-0.20124451026283213,0.02502042841362755,0.20613153051185207,-0.978204360188013,9.553316988567179,-1.7798536612301965,-1.5469204085536146,16.0
0.9911551350404206,0.12245252747400633,0.051155418073092346,0.13032834091249554,-0.9708322051951455,-0.20124451026283213,0.02502042841362755,0.20613153051185207,-0.978204360188013,9.553316988567179,-1.7798536612301965,-1.5469204085536146,17.0
0.9911551350404206,0.12245252747400633,0.051155418073092346,0.13032834091249554,-0.9708322051951455,-0.20124451026283213,0.02502042841362755,0.20613153051185207,-0.978204360188013,9.553316988567179,-1.7798536612301965,-1.5469204085536146,16.0
0.9911551350404206,0.12245252747400633,0.051155418073092346,0.13032834091249554,-0.9708322051951455,-0.20124451026283213,0.02502042841362755,0.20613153051185207,-0.978204360188013,9.553316988567179,-1.7798536612301965,-1.5469204085536146,18.0
0.9911551350404206,0.12245252747400633,0.051155418073092346,0.13032834091249554,-0.9708322051951455,-0.20124451026283213,0.02502042841362755,0.20613153051185207,-0.978204360188013,9.553316988567179,-1.7798536612301965,-1.5469204085536146,19.0
0.9911551350404206,0.12245252747400633,0.051155418073092346,0.13032834091249554,-0.9708322051951455,-0.20124451026283213,0.02502042841362755,0.20613153051185207,-0.978204360188013,9.553316988567179,-1.7798536612301965,-1.5469204085536146,17.0
0.9911551350404206,0.12245252747400633,0.051155418073092346,0.13032834091249554,-0.9708322051951455,-0.20124451026283213,0.02502042841362755,0.20613153051185207,-0.978204360188013,9.553316988567179,-1.7798536612301965,-1.5469204085536146,19.0
0.9911551350404206,0.12245252747400633,0.051155418073092346,0.13032834091249554,-0.9708322051951455,-0.20124451026283213,0.02502042841362755,0.20613153051185207,-0.978204360188013,9.553316988567179,-1.7798536612301965,-1.5469204085536146,19.0
0.9911551350404206,0.12245252747400633,0.051155418073092346,0.13032834091249554,-0.9708322051951455,-0.20124451026283213,0.02502042841362755,0.20613153051185207,-0.978204360188013,9.553316988567179,-1.7798536612301965,-1.5469204085536146,18.0
0.9911551350404206,0.12245252747400633,0.051155418073092346,0.13032834091249554,-0.9708322051951455,-0.20124451026283213,0.02502042841362755,0.20613153051185207,-0.978204360188013,9.553316988567179,-1.7798536612301965,-1.5469204085536146,21.0
0.9911551350404206,0.12245252747400633,0.051155418073092346,0.13032834091249554,-0.9708322051951455,-0.20124451026283213,0.02502042841362755,0.20613153051185207,-0.978204360188013,9.553316988567179,-1.7798536612301965,-1.5469204085536146,18.0
0.9911551350404206,0.12245252747400633,0.051155418073092346,0.13032834091249554,-0.9708322051951455,-0.20124451026283213,0.02502042841362755,0.20613153051185207,-0.978204360188013,9.553316988567179,-1.7798536612301965,-1.5469204085536146,27.0
0.9911551350404206,0.12245252747400633,0.051155418073092346,0.13032834091249554,-0.9708322051951455,-0.20124451026283213,0.02502042841362755,0.20613153051185207,-0.978204360188013,9.553316988567179,-1.7798536612301965,-1.5469204085536146,25.0
0.9911551350404206,0.12245252747400633,0.051155418073092346,0.13032834091249554,-0.9708322051951455,-0.20124451026283213,0.02502042841362755,0.20613153051185207,-0.978204360188013,9.553316988567179,-1.7798536612301965,-1.5469204085536146,19.0
0.9911551350404206,0.12245252747400633,0.051155418073092346,0.13032834091249554,-0.9708322051951455,-0.20124451026283213,0.02502042841362755,0.20613153051185207,-0.978204360188013,9.553316988567179,-1.7798536612301965,-1.5469204085536146,18.0
0.9911551350404206,0.12245252747400633,0.051155418073092346,0.13032834091249554,-0.9708322051951455,-0.20124451026283213,0.02502042841362755,0.20613153051185207,-0.978204360188013,9.553316988567179,-1.7798536612301965,-1.5469204085536146,20.0
0.9911551350404206,0.12245252747400633,0.051155418073092346,0.13032834091249554,-0.9708322051951455,-0.20124451026283213,0.02502042841362755,0.20613153051185207,-0.978204360188013,9.553316988567179,-1.7798536612301965,-1.5469204085536146,20.0
0.9911551350404206,0.12245252747400633,0.051155418073092346,0.13032834091249554,-0.9708322051951455,-0.20124451026283213,0.02502042841362755,0.20613153051185207,-0.978204360188013,9.553316988567179,-1.7798536612301965,-1.5469204085536146,24.0
0.9911551350404206,0.12245252747400633,0.051155418073092346,0.13032834091249554,-0.9708322051951455,-0.20124451026283213,0.02502042841362755,0.20613153051185207,-0.978204360188013,9.553316988567179,-1.7798536612301965,-1.5469204085536146,19.0
0.9911551350404206,0.12245252747400633,0.051155418073092346,0.13032834091249554,-0.9708322051951455,-0.20124451026283213,0.02502042841362755,0.20613153051185207,-0.978204360188013,9.553316988567179,-1.7798536612301965,-1.5469204085536146,27.0
0.9911551350404206,0.12245252747400633,0.051155418073092346,0.13032834091249554,-0.9708322051951455,-0.20124451026283213,0.02502042841362755,0.20613153051185207,-0.978204360188013,9.553316988567179,-1.7798536612301965,-1.5469204085536146,17.0
0.9911551350404206,0.12245252747400633,0.051155418073092346,0.13032834091249554,-0.9708322051951455,-0.20124451026283213,0.02502042841362755,0.20613153051185207,-0.978204360188013,9.553316988567179,-1.7798536612301965,-1.5469204085536146,18.0
0.9911551350404206,0.12245252747400633,0.051155418073092346,0.13032834091249554,-0.9708322051951455,-0.20124451026283213,0.02502042841362755,0.20613153051185207,-0.978204360188013,9.553316988567179,-1.7798536612301965,-1.5469204085536146,17.0
0.9911551350404206,0.12245252747400633,0.051155418073092346,0.13032834091249554,-0.9708322051951455,-0.20124451026283213,0.02502042841362755,0.20613153051185207,-0.978204360188013,9.553316988567179,-1.7798536612301965,-1.5469204085536146,18.0
0.9911551350404206,0.12245252747400633,0.051155418073092346,0.13032834091249554,-0.9708322051951455,-0.20124451026283213,0.02502042841362755,0.20613153051185207,-0.978204360188013,9.553316988567179,-1.7798536612301965,-1.5469204085536146,25.0
0.9911551350404206,0.12245252747400633,0.051155418073092346,0.13032834091249554,-0.9708322051951455,-0.20124451026283213,0.02502042841362755,0.20613153051185207,-0.978204360188013,9.553316988567179,-1.7798536612301965,-1.5469204085536146,18.0
0.9911551350404206,0.12245252747400633,0.051155418073092346,0.13032834091249554,-0.9708322051951455,-0.20124451026283213,0.02502042841362755,0.20613153051185207,-0.978204360188013,9.553316988567179,-1.7798536612301965,-1.5469204085536146,22.0
