Xx,Xy,Xz,Yx,Yy,Yz,Zx,Zy,Zz,Px,Py,Pz,cmdCostTime
0.9911551350404206,0.12245252747400633,0.051155418073092346,0.13032834091249554,-0.9708322051951455,-0.20124451026283213,0.02502042841362755,0.20613153051185207,-0.978204360188013,9.553316988567179,-1.7798536612301965,-1.5469204085536146,21.0
0.9911551350404206,0.12245252747400633,0.051155418073092346,0.13032834091249554,-0.9708322051951455,-0.20124451026283213,0.02502042841362755,0.20613153051185207,-0.978204360188013,9.553316988567179,-1.7798536612301965,-1.5469204085536146,21.0
0.9911551350404206,0.12245252747400633,0.051155418073092346,0.13032834091249554,-0.9708322051951455,-0.20124451026283213,0.02502042841362755,0.20613153051185207,-0.978204360188013,9.553316988567179,-1.7798536612301965,-1.5469204085536146,24.0
0.9911551350404206,0.12245252747400633,0.051155418073092346,0.13032834091249554,-0.9708322051951455,-0.20124451026283213,0.02502042841362755,0.20613153051185207,-0.978204360188013,9.553316988567179,-1.7798536612301965,-1.5469204085536146,23.0
0.9911551350404206,0.12245252747400633,0.051155418073092346,0.13032834091249554,-0.9708322051951455,-0.20124451026283213,0.02502042841362755,0.20613153051185207,-0.978204360188013,9.553316988567179,-1.7798536612301965,-1.5469204085536146,18.0
0.9911551350404206,0.12245252747400633,0.051155418073092346,0.13032834091249554,-0.9708322051951455,-0.20124451026283213,0.02502042841362755,0.20613153051185207,-0.978204360188013,9.553316988567179,-1.7798536612301965,-1.5469204085536146,29.0
0.9911551350404206,0.12245252747400633,0.051155418073092346,0.13032834091249554,-0.9708322051951455,-0.20124451026283213,0.02502042841362755,0.20613153051185207,-0.978204360188013,9.553316988567179,-1.7798536612301965,-1.5469204085536146,26.0
0.9911551350404206,0.12245252747400633,0.051155418073092346,0.13032834091249554,-0.9708322051951455,-0.20124451026283213,0.02502042841362755,0.20613153051185207,-0.978204360188013,9.553316988567179,-1.7798536612301965,-1.5469204085536146,18.0
0.9911551350404206,0.12245252747400633,0.051155418073092346,0.13032834091249554,-0.9708322051951455,-0.20124451026283213,0.02502042841362755,0.20613153051185207,-0.978204360188013,9.553316988567179,-1.7798536612301965,-1.5469204085536146,24.0
0.9911551350404206,0.12245252747400633,0.051155418073092346,0.13032834091249554,-0.9708322051951455,-0.20124451026283213,0.02502042841362755,0.20613153051185207,-0.978204360188013,9.553316988567179,-1.7798536612301965,-1.5469204085536146,19.0
0.9911551350404206,0.12245252747400633,0.051155418073092346,0.13032834091249554,-0.9708322051951455,-0.20124451026283213,0.02502042841362755,0.20613153051185207,-0.978204360188013,9.553316988567179,-1.7798536612301965,-1.5469204085536146,17.0
0.9911362613955907,0.12259364000690708,0.05118311026723369,0.13046881653496697,-0.9708413558623816,-0.20110929779415357,0.025035959313276714,0.2060045173707347,-0.9782307189840824,9.553339417133245,-1.7800292937446098,-1.5469559199916132,28.0
0.9911362613955907,0.12259364000690708,0.05118311026723369,0.13046881653496697,-0.9708413558623816,-0.20110929779415357,0.025035959313276714,0.2060045173707347,-0.9782307189840824,9.553339417133245,-1.7800292937446098,-1.5469559199916132,19.0
0.9911362613955907,0.12259364000690708,0.05118311026723369,0.13046881653496697,-0.9708413558623816,-0.20110929779415357,0.025035959313276714,0.2060045173707347,-0.9782307189840824,9.553339417133245,-1.7800292937446098,-1.5469559199916132,24.0
0.9911362613955907,0.12259364000690708,0.05118311026723369,0.13046881653496697,-0.9708413558623816,-0.20110929779415357,0.025035959313276714,0.2060045173707347,-0.9782307189840824,9.553339417133245,-1.7800292937446098,-1.5469559199916132,17.0
0.9911362613955907,0.12259364000690708,0.05118311026723369,0.13046881653496697,-0.9708413558623816,-0.20110929779415357,0.025035959313276714,0.2060045173707347,-0.9782307189840824,9.553339417133245,-1.7800292937446098,-1.5469559199916132,17.0
0.9911362613955907,0.12259364000690708,0.05118311026723369,0.13046881653496697,-0.9708413558623816,-0.20110929779415357,0.025035959313276714,0.2060045173707347,-0.9782307189840824,9.553339417133245,-1.7800292937446098,-1.5469559199916132,19.0
0.990702256692981,0.12545094161908052,0.052641236975595515,0.13363196916408673,-0.9699079821447755,-0.20352150497964175,0.025525191493176346,0.20866376642516513,-0.9776542830574114,9.552930509845147,-1.7496720886048427,-1.515017106043019,29.0
0.9899107049764967,0.13055013564338172,0.055076839564646984,0.1392482934338799,-0.9682205848698493,-0.20774698989405088,0.02620513210589273,0.21332032513987376,-0.9766308053371712,9.551142155824142,-1.695919699335445,-1.4588920772498388,24.0
0.9891663948961738,0.13521411100496714,0.057157566369146685,0.14436165946039792,-0.9666333428036765,-0.21161212597115034,0.02663746395487098,0.2175709648949657,-0.9756809523346897,9.54839677085989,-1.6465378210803083,-1.407654875399933,20.0
0.988298740528128,0.14051083893207136,0.059348998417169424,0.15013509705408823,-0.9648082091998803,-0.2158809210955868,0.026926791548106628,0.22226521006024533,-0.9746143464436587,9.544053031993466,-1.5910085356417372,-1.35009649148139,27.0
0.9875498969679966,0.14497258907807556,0.06105857363629349,0.15497193030642434,-0.9632348483652768,-0.21945917094489967,0.026998181709145187,0.22618924667349105,-0.9737091572300627,9.539331537696734,-1.5441794881994504,-1.3017329531553656,20.0
0.9867520558882057,0.14962740086262616,0.06270582996415985,0.15998883774972159,-0.9615651601387362,-0.22315020636974547,0.026906356050056045,0.2302261577633214,-0.9727651125968931,9.533415622579048,-1.4955041034113927,-1.2514435887684108,18.0
0.9858669646677974,0.15468861853498198,0.06432541700169866,0.16540427460212243,-0.9597208165073513,-0.22710653954875104,0.02660364486398948,0.2345365337387794,-0.9717432070365861,9.525783040522574,-1.4427482664112152,-1.1973442060044972,26.0
0.9850422673102927,0.1593161001546232,0.06565144205361823,0.17031851095496395,-0.958003593835593,-0.23069616170229554,0.026140704624805475,0.23842712603562952,-0.9708085131127089,9.517703343690364,-1.3944550994819513,-1.148039643098985,18.0
0.9840853557474976,0.1645833146757169,0.06699511275962662,0.1758680027562333,-0.9560319695340895,-0.23467705221282809,0.025425542469230556,0.24272454708809924,-0.9697619996839548,9.50735675699483,-1.3401102634437367,-1.0926796463186323,21.0
0.9831941193847593,0.1694024993614973,0.06805965631198674,0.18090165293217003,-0.954196319466317,-0.23829388553494718,0.02457469376485759,0.24660125126813875,-0.9688054021832,9.496665997418193,-1.2903624060936028,-1.042093209326769,26.0
0.9822472396608396,0.1744328490243703,0.0690184131946164,0.18611141049372754,-0.9522639217839962,-0.2419834005724324,0.023513890845558924,0.2505326414857038,-0.9678225521693011,9.484402501424753,-1.2388219962604679,-0.9897387570396399,28.0
0.9812548630857002,0.17961554442174069,0.0698365940803623,0.19142937639748725,-0.9502401941861763,-0.24576079265230016,0.022219080150463224,0.25452274860039426,-0.9668115033046347,9.47054811599184,-1.1856289807391949,-0.9357926635320395,29.0
0.9803695607002999,0.18417576742295425,0.07039041942244056,0.19605910581916658,-0.9484343190286101,-0.24906458904092563,0.020889027686565396,0.25797602443425277,-0.9659254729736699,9.457160537718519,-1.138926727924093,-0.888652635682508,21.0
0.979467352973571,0.18875344649010195,0.07082260159761461,0.2006647468221792,-0.9466227248607074,-0.2522678658887803,0.019425854980848166,0.2612997382612489,-0.9650622171356964,9.442882281517058,-1.0925285376949212,-0.841842270534287,23.0
0.978595933584181,0.1931249008641153,0.0710828491179908,0.2050148373295428,-0.9448741829300427,-0.25530706004148246,0.01785819832028107,0.2644154895207725,-0.964243503298956,9.42827634803686,-1.0483989062538936,-0.7975864621677331,17.0
0.9776087491242135,0.19800801031691587,0.0712317449324862,0.20982616713084012,-0.9428951672007877,-0.25869225588830297,0.01594092917528314,0.26784609670431,-0.9633298268284307,9.410756569402714,-0.9988083890476089,-0.7476865012072322,26.0
0.9765589693558706,0.20312526289710128,0.0712229383245543,0.21480946623945923,-0.940823907161246,-0.26212071441945495,0.013764904086783733,0.2712756960857907,-0.9624032544254263,9.391365350124861,-0.9475996072042023,-0.6963024737863637,40.0
0.9755501460962991,0.20797885220362358,0.07104019628036486,0.21947551664662157,-0.9388381461192908,-0.2653552957526786,0.011506956339013153,0.27445898132026275,-0.9615299566464146,9.371707478320213,-0.8989279885913808,-0.6473728073358247,26.0
0.9746120200659598,0.21243201740730264,0.0707392982945999,0.22370714182002682,-0.9370186489661873,-0.26823714542974,0.009301883769606247,0.27725203239984486,-0.9607521977536624,9.352674253863398,-0.8546813437726981,-0.6028406284836327,22.0
0.9737101944238331,0.21666487679330934,0.07031918969414579,0.22768089367718214,-0.935278131991643,-0.27095428852960113,0.00706172283942173,0.2798412889163477,-0.9600203045186996,9.333659308488599,-0.8126380868224639,-0.560666141298491,17.0
0.9727628071472577,0.22106840011180193,0.06972290515315178,0.23175774970448237,-0.9334631656117567,-0.27374233121311814,0.004567984555750177,0.28244518214706066,-0.9592725642897394,9.3128938720836,-0.76907746414673,-0.5171188923378032,17.0
0.97172683415324,0.2258182499057499,0.0689425688238107,0.23610153915859045,-0.9315035691207206,-0.2766896527199803,0.0017386757794748092,0.28514420689339476,-0.9584830505969685,9.289433991262767,-0.7223108644715259,-0.4702097314793279,16.0
0.9706825238738033,0.23054378693522065,0.06800735365789941,0.2403620714957331,-0.9295602073660854,-0.27954229638428585,-0.001229809848345372,0.287693210185933,-0.9577218303769887,9.2650514138955,-0.6761453210056816,-0.42376698147455816,29.0
0.9697290846162897,0.23481079182908357,0.06700294388944009,0.24414929226596588,-0.9277957886785623,-0.2821100806358261,-0.0040774422473764,0.2899290715863502,-0.9570394495075929,9.241748350351791,-0.6342649211988032,-0.38153183015310166,22.0
0.9685954477602984,0.23981750333205273,0.0656538169005258,0.24852653803537697,-0.9257381555151935,-0.28503232679027407,-0.007577497619744319,0.29239773001668146,-0.9562667771134342,9.213370118731817,-0.5855718339432003,-0.33254928000972184,26.0
0.9676235063076465,0.24405511728426846,0.06435720447827131,0.25217162800855336,-0.9240032289094926,-0.2874500008564051,-0.010687378930861845,0.29437243874417557,-0.9556310204463828,9.188337950206144,-0.5446293503595743,-0.2913939910229484,18.0
0.9665777145825099,0.24856423742642791,0.06279603128439273,0.2559812307773531,-0.9221497212887039,-0.2900232766811609,-0.014182071857227224,0.2964046413263194,-0.9549571495297852,9.16028978093356,-0.5007875995313098,-0.2471167899005806,18.0
0.9656061663968422,0.25269374244594783,0.06124217456177413,0.25942059217438634,-0.9204763212204327,-0.29227435472239,-0.017483928971613744,0.2981094003904604,-0.9543715720968201,9.13372699231207,-0.46114480537725466,-0.20682100506449252,19.0
0.9645910964982857,0.25695723918456886,0.05947263056969176,0.262908356516879,-0.918751719847481,-0.2945750725212322,-0.0210526157478918,0.29978034376513063,-0.9537759343064973,9.105242982188532,-0.4202702043567468,-0.16524284719029447,30.0
0.9636229237505649,0.26097422825527516,0.057648183050089986,0.2661347038857257,-0.9171376379095791,-0.2966999705380746,-0.024559727402198188,0.30124907521219174,-0.9532291510826393,9.077213100781119,-0.381658998625342,-0.12587734989575372,17.0
0.9625609954422649,0.2653193887634826,0.05551533121010799,0.26956390880306424,-0.9154144177107781,-0.2989176189488502,-0.028489105356422465,0.3026913705301304,-0.9526627446702123,9.045902384232246,-0.34036587627391546,-0.08367573341724155,18.0
0.9615019789976137,0.2695909111084485,0.05324176022061128,0.27286772729207476,-0.9137325635069155,-0.30105814353632493,-0.03251380916057604,0.30399595891195186,-0.9521183272992243,9.013818994593917,-0.29975078330722926,-0.04198353469853977,27.0
0.9605316079787606,0.27345517877113446,0.05100289479023852,0.27579025629954634,-0.9122310638271204,-0.3029426030109838,-0.03631479869099943,0.30505204702163013,-0.9516430444257687,8.983596408796332,-0.26303724759253067,-0.004185999415635688,17.0
0.9595561688388173,0.2772788631380161,0.048666116552077116,0.27863561242018503,-0.9107642235061735,-0.304746984681432,-0.040176539604592394,0.3059819622756968,-0.9511891948646782,8.952711882262049,-0.22696789392338834,0.03328832815657101,18.0
0.9584993800239355,0.28136023820338996,0.04599298698565729,0.28160742443306547,-0.9092185125580616,-0.30662510485262146,-0.04445443732527136,0.3068519395080263,-0.9507185126115176,8.9185212842191,-0.1884273586259657,0.07355520889553535,19.0
0.9573596228350862,0.2856906821529926,0.042934679409762366,0.2846818216515362,-0.9076091070441906,-0.30854816355248305,-0.04918142928203886,0.30761427623145965,-0.9502392562256998,8.88068997163059,-0.1475914927443307,0.11637232733956981,26.0
0.9563176215918126,0.2895869894105099,0.039949745895763784,0.28736525037634963,-0.9061791394988612,-0.31025889191647843,-0.05364531208891234,0.3081862143270856,-0.9498123171393511,8.844928324578937,-0.11059452617045551,0.15544850262396803,29.0
0.9553473725007032,0.2931487958325342,0.037083437784779,0.2897731585443634,-0.9049159117549574,-0.3117029182409387,-0.05781794222579657,0.30853034883886116,-0.9494556911210471,8.811414393001495,-0.07727649970287276,0.19084726965632015,18.0
0.9544292525285498,0.29648195628829566,0.034106473187048694,0.2919247713201606,-0.9037403758614642,-0.31310263641089187,-0.06200588526475182,0.3087908396200323,-0.9491066787033428,8.777305569727183,-0.04570443567210036,0.22593408978236074,17.0
0.953268055350968,0.3005853247753338,0.030470923469614095,0.29458615129114063,-0.9023488161982888,-0.31461979176939897,-0.06707469056847784,0.30889330914614194,-0.9487285752257539,8.736595531819594,-0.00708879403102336,0.2665364804809931,28.0
0.9523131516289882,0.3039032111288851,0.027248844012464708,0.2966454734632597,-0.9012524662533401,-0.315825038820595,-0.07142215558369708,0.3088475843159926,-0.94842608850345,8.701314656280504,0.024078601479944117,0.30057865939994954,18.0
0.951371319162048,0.3071152040808562,0.023934587906181807,0.2985772968929707,-0.9002226192772231,-0.3169397947903389,-0.07579057234215561,0.30867375522390844,-0.9481436083104812,8.665627224023146,0.05459946552137618,0.33437310063358483,20.0
0.9503464635107485,0.31053768036533946,0.02019773170254159,0.30057227304156486,-0.8991618654668172,-0.31806327730321227,-0.0806096022272817,0.3083411888858629,-0.9478543154225822,8.626165256198334,0.08700761574403493,0.37047889701365744,19.0
0.9493249599034599,0.31387179243984664,0.016328454148885306,0.30244827385306566,-0.8981748194936238,-0.319072147438314,-0.08548194047630965,0.30784166634520754,-0.9475897563366812,8.586095731982763,0.11855784513219336,0.40605389765954136,28.0
0.9483984825819902,0.3168279879250818,0.012662713118541917,0.3040401142454134,-0.8973324100199845,-0.31992835894518945,-0.08999959536472478,0.3072695429017823,-0.9473571136794802,8.548736782411098,0.14692787754567305,0.43841315773555856,20.0
0.9474760727276451,0.3197027931728332,0.008900317190246499,0.3055345870140054,-0.896559715411574,-0.3206700685117003,-0.09453945074295422,0.3065465718917863,-0.947149139003259,8.510984133629199,0.17442113870413833,0.470263592176833,18.0
0.9465971935167266,0.32237642043357595,0.00521505270265669,0.3068741239864558,-0.8958801703365071,-0.3212895772124831,-0.09890412152080723,0.30573217682518294,-0.9469666365822675,8.47446667757896,0.20011580831832498,0.500485955605884,20.0
0.9456924098065415,0.3250604887795924,0.0012428470015643013,0.3081390031567324,-0.895232345212821,-0.32188414502477053,-0.10351918067620208,0.30478636242313184,-0.9467782488592582,8.435805408327118,0.22635912266540092,0.5315415948020044,17.0
0.9447141590325476,0.3278797602862759,-0.0031655201848309047,0.30940849681072774,-0.8946059226062434,-0.32240754541287936,-0.1085428018099407,0.30360353428846365,-0.946595665605332,8.393340804032745,0.25400278547585753,0.5648977349979503,19.0
0.9438598658229148,0.3302689528526758,-0.007139500707064422,0.31042490934281797,-0.8941257498895642,-0.3227623259364815,-0.11298198683087686,0.3024261267913558,-0.9464531200676166,8.355555757889247,0.27758909992146963,0.593860189802462,19.0
0.9429124525957049,0.33283289244225156,-0.011763181902747954,0.31141714584654595,-0.8936608257060552,-0.3230939335103069,-0.11804858327292025,0.3009860367307697,-0.9462937903634158,8.312222236950063,0.30360372395846347,0.6263450847504002,26.0
0.9420404009287326,0.3351136510436572,-0.016084896711600166,0.3122606133409616,-0.8933131098838591,-0.3232413913247415,-0.12269145191886578,0.2994837701676305,-0.9461798344037051,8.272039727854793,0.32660272940020874,0.6559259269669333,19.0
0.9412191172747383,0.3371848745617286,-0.020320768768770547,0.3129444495735894,-0.8930403252667811,-0.3233338041845998,-0.12717053415648458,0.29796868596245696,-0.9460667616126048,8.233220823570761,0.3480636910958863,0.6837123280398214,18.0
0.9402636416452633,0.33949627213047023,-0.025427650491177206,0.31361689133392934,-0.8928054098532267,-0.32333101553493804,-0.13247161835665058,0.29604185742277345,-0.9459442314342027,8.18689589958127,0.3725672711550849,0.7161928081357747,18.0
0.9394408838380187,0.34139360251521716,-0.030020558544510176,0.31407526573434963,-0.8926882947296648,-0.32320943041090316,-0.13714063302880047,0.2942074380676409,-0.945851167022664,8.145631674681908,0.39331267792562774,0.7445627918368705,19.0
0.9386524079153424,0.34313536714800363,-0.03449314318722322,0.31444544278011727,-0.8926384265945483,-0.32298715590813365,-0.1416182213895704,0.29232645993651335,-0.9457745609771077,8.10581680699159,0.41251662386981314,0.7713209013662969,19.0
0.937774165435949,0.34497508930912735,-0.03964596318755474,0.3147405704755362,-0.8926632589335998,-0.3226308718129418,-0.14669010852011533,0.29007670348755105,-0.9456941990707948,8.060335755440132,0.43351668218208994,0.8014330085957311,25.0
0.9369807923110567,0.3465356534352079,-0.04449759250092142,0.3148823810623249,-0.8927680672288428,-0.3222022101615645,-0.15138058308999017,0.28788577428332507,-0.9456245026587589,8.018088835988866,0.452059244007589,0.8286086342334618,18.0
0.936236906693693,0.3479112014550398,-0.04917570992610357,0.314924277649946,-0.8929378577350695,-0.32169035044614586,-0.15583052939422753,0.2856917536885082,-0.9455670616001278,7.977477805319875,0.4690933146246845,0.8543851546174999,17.0
0.9354703105187062,0.3492329872937631,-0.05414442467982959,0.314866094668011,-0.8931887173461316,-0.32105024160415685,-0.16048252417802528,0.28328472565856205,-0.945513153606021,7.934752466930852,0.4860840803143598,0.8809296380470015,23.0
0.9347307881350899,0.35039620838785085,-0.05916798847156613,0.31467453941674267,-0.8935246113889659,-0.3203025180748005,-0.1651008417762141,0.28077796564120694,-0.9454657297095282,7.891826877537849,0.5023734614516038,0.9072338018685397,20.0
0.9339345856910237,0.3515396147833507,-0.06469999140733412,0.31437325189162424,-0.8939707445148828,-0.31935210418375437,-0.1701048151735306,0.27791402841432755,-0.9454248487665742,7.844913928498086,0.5191550593742997,0.9354836071650765,27.0
0.9332167476180151,0.35245953319074363,-0.0698482600228315,0.3139907958318034,-0.8944548747203055,-0.31837125690299517,-0.1746891012575331,0.2751776781500371,-0.9453893184026304,7.801460768243021,0.5338857628248908,0.9611209202316098,18.0
0.9324752193912137,0.3532513604913479,-0.07552113301798127,0.31339808568873023,-0.8950848341069428,-0.31718256515512583,-0.179642993484152,0.2720967035132145,-0.9453527272025478,7.754072119708912,0.5489087206596903,0.9885819317891489,18.0
0.9317997269030089,0.3538667797133226,-0.08079338561293663,0.3127716052863688,-0.8957304910470625,-0.3159759648061483,-0.18418249610119222,0.26915644079960493,-0.9453209076848048,7.7102267873982795,0.5619473531279422,1.013508795104078,19.0
0.9311509900835454,0.3543195245110753,-0.08611334517180623,0.31201637545237326,-0.8964545400033878,-0.314666552332589,-0.188689202436167,0.2661332979120798,-0.9452880262789981,7.66618017563368,0.5743235237423971,1.0382264659989593,22.0
0.930481891969917,0.3545499797641256,-0.09218329873323987,0.31089147807407747,-0.8973459850828541,-0.3132358088032039,-0.19377806268254166,0.26280124601101124,-0.9451907572115065,7.6185213272599865,0.5858885261198379,1.0630858425279923,26.0
0.9298804389570725,0.3548142288215415,-0.09710423405174948,0.3101725337793677,-0.8981634701071413,-0.31160131619424414,-0.19777605652325342,0.2596329023657694,-0.945238270212986,7.575775916569265,0.5971138291026241,1.0878845004597921,18.0
0.9291797978404064,0.3547716112421836,-0.10374009418680052,0.30881447899360215,-0.8993348442860325,-0.3095649453942217,-0.2031219359133112,0.25560505024283536,-0.945202379092005,7.521668312108247,0.6091639192550402,1.1168646660029165,21.0
0.9286127898090535,0.3546111239164062,-0.10922104832764618,0.3076274497229203,-0.9003646888044325,-0.3077479152343185,-0.20746960929258765,0.252179257570563,-0.9451782812100269,7.476989761000749,0.6182927243415963,1.140425607882611,20.0
0.9280836409399593,0.35424965299354705,-0.11475163952458402,0.30628427323711094,-0.9014820146315635,-0.30581059704240426,-0.2117798370649181,0.2486711898265833,-0.9451518078927789,7.432257103964022,0.6264919479765653,1.1636374455567418,17.0
0.9275639374626622,0.35377287918390943,-0.12029086362932724,0.30487875674251447,-0.9026519073310706,-0.3037572680261637,-0.21604186077216841,0.24508015861245705,-0.9451251928970003,7.3873505095238166,0.6341098416062381,1.1867047181441346,17.0
0.9270786803870823,0.35310514977889346,-0.12586450481121067,0.303328932094903,-0.9038965492644591,-0.3016000450629423,-0.22026502065900452,0.24142862594859876,-0.9450902280981748,7.342415039054818,0.6409698786957998,1.2095550392239698,18.0
0.9266178907973123,0.35228374742157176,-0.13143609000938242,0.30169070155768984,-0.9052092165393867,-0.29929750230461105,-0.22441480576817835,0.23768137410147216,-0.9450637858670001,7.29739640858063,0.6469659434441126,1.2321660730629755,21.0
0.9261949446931911,0.35134897960744915,-0.13680942567521137,0.30001796941225073,-0.906523956549039,-0.29699079822854113,-0.22836843576669424,0.2340260898521371,-0.9450289132158828,7.254220561790193,0.6520488603345731,1.2534758642899644,20.0
0.9257858153488596,0.3501919797288354,-0.1424296367770635,0.2981452479010806,-0.9079611518036095,-0.2944757340927531,-0.23244361736311578,0.230156738222155,-0.9449856298368182,7.20897946017428,0.6567154413095857,1.2756603483222277,17.0
0.925366696753144,0.3487572744180793,-0.14854238479520818,0.2960029693561861,-0.9095894309960212,-0.2915978551921382,-0.23680945646763352,0.22586595706481977,-0.9449369559746815,7.159778401900714,0.6609113435313025,1.2995114772327594,31.0
0.9250255550403421,0.3473285900048605,-0.1539174229499143,0.29401904351756736,-0.9110845883989989,-0.288925033236723,-0.24058371634697578,0.2220083857584262,-0.9448977468920199,7.116466915046452,0.663837771446987,1.3203959569192447,17.0
0.9246773248828236,0.34548178161754917,-0.16004431704346456,0.29159823705895616,-0.9128501597231471,-0.28578847779001415,-0.24483119284857005,0.21759348442402568,-0.9448337221673229,7.067160956459245,0.666412268397232,1.3438237351867586,27.0
0.9243427328500781,0.3433723768830309,-0.1663908742117403,0.28898549043523053,-0.9147519480205585,-0.2823406805802212,-0.24915436689963646,0.2128950078942461,-0.9447739502487091,7.015884098789787,0.6680746547546159,1.367975422132056,27.0
0.9240603053210035,0.3411055209143051,-0.17250963953308246,0.286305116497207,-0.9166508943040979,-0.2788915886845958,-0.25326257599095475,0.208322254147937,-0.9447009611666266,6.966492385306035,0.6688495094438967,1.3909565734276046,30.0
0.9238195587544183,0.3388742442756594,-0.1781057815720546,0.2837702898537675,-0.9184385468862389,-0.27558130957995397,-0.2569666232394793,0.2040462745557842,-0.944633935649575,6.921017319039755,0.6688895321331714,1.4119791048615564,21.0
0.9235994822475605,0.3362235282120248,-0.18416768301929623,0.28087215306004315,-0.9204455293807967,-0.27182873482823716,-0.26091153678489165,0.19933330509366012,-0.9445588406515414,6.87167395895137,0.6680141828986268,1.4346108315027446,19.0
0.92342968551489,0.3335856561545382,-0.18973198443545916,0.2780705177638508,-0.922337450562881,-0.2682730221988578,-0.2644889469532046,0.19497240137288946,-0.9444741180373731,6.826261052873606,0.6665726795701638,1.4553457983643452,19.0
0.9232933743541387,0.33090366518662756,-0.19501822796806556,0.2753021551731016,-0.924183894979351,-0.26475054601991094,-0.26783963155364726,0.19075348653917665,-0.9443913590997932,6.782799498360489,0.664533393419501,1.4750243280828803,17.0
0.9231838070254584,0.32789703674479986,-0.20053725773521563,0.27226809179411904,-0.9261596747654415,-0.26095659223165985,-0.2712964147141832,0.1863110037876214,-0.9442915149628736,6.737364466645518,0.6616519841095003,1.495406943851005,16.0
0.9230973092167545,0.3247420452718528,-0.20599505273050114,0.26917530782187465,-0.9281684520112191,-0.2569980123465858,-0.27465616937507,0.18178539194267157,-0.9442023405501928,6.691980124846649,0.6580772549292859,1.5157191361104094,20.0
0.9230480705064817,0.3213653041853013,-0.211439354899106,0.2659169229524007,-0.9302156907344525,-0.25295643656359545,-0.2779756277478086,0.1772656480464112,-0.9440902713199081,6.64659342834535,0.6538251692736019,1.5358663982136886,21.0
0.9230219070896288,0.31784333891122796,-0.2168090656369954,0.26259925241245924,-0.9322848133332672,-0.2487702945702572,-0.28119778033448656,0.17268653316896873,-0.9439847295359394,6.6012622445485025,0.6489687889151177,1.5560638135250477,18.0
0.923029800850527,0.31378693997931323,-0.22260670034896807,0.25884121333675764,-0.9345686792137674,-0.24409549383589413,-0.28463522800277447,0.16768762664863754,-0.9438557341292979,6.552019629062614,0.6429118479005621,1.57777957688132,24.0
0.9230852984613959,0.3094727567123208,-0.2283421656578402,0.25491560850804046,-0.9368939452890712,-0.23926505766545642,-0.2879784094396857,0.1626540750597888,-0.9437224632078189,6.502885945671254,0.635994792313065,1.5993762297331289,29.0
0.9231526032437356,0.3053553329089573,-0.23355383060094242,0.25123367923719525,-0.9390415705280525,-0.23469675591526729,-0.29098266192551026,0.15798433303422327,-0.9435942141484738,6.457644790748237,0.6290389760213626,1.619191882255794,19.0
0.9232584828876199,0.3010073777292265,-0.23872229122690877,0.2473861781628694,-0.9412168229709373,-0.23002384878630272,-0.29392831205928305,0.1533148743895047,-0.9434514808197141,6.412485541101917,0.6213590140412288,1.6388682276212472,18.0
0.9233938275495285,0.29650564796338874,-0.2437790802535003,0.24347483603495315,-0.9433996519519965,-0.22520457569641902,-0.29675552810551686,0.14859844354051122,-0.943321079546171,6.367477246922155,0.6130894956867268,1.658639809905067,18.0
0.92354314774443,0.2920131750858152,-0.2485887363309345,0.23960679314057023,-0.945501098396893,-0.22049094677823095,-0.2994271846963829,0.14406935311359512,-0.9431794010463908,6.324416091383257,0.6045372843647767,1.6773097242955397,18.0
0.9237378893799002,0.2871049623203388,-0.2535331385342039,0.23541865650126034,-0.9477097218954426,-0.2154630808189756,-0.3021363399114852,0.13934498066274126,-0.9430252427528077,6.279420477225155,0.594983624718566,1.6968668344098936,18.0
0.9239712702183097,0.2815848689237502,-0.25881857237137756,0.23076928055485002,-0.950110245869097,-0.20984770631760802,-0.30499611630865153,0.13416587601830296,-0.9428557083397655,6.230615945146693,0.5838870361742929,1.718024786784707,20.0
0.9242262295206832,0.2762867330968226,-0.26357450138559724,0.22634505246877465,-0.9523224800751334,-0.20457226392268918,-0.3075285253255195,0.12941226780422302,-0.9426975501468535,6.185836986677556,0.5731077777351696,1.7374988361036534,17.0
0.9244944212528551,0.2708361459882313,-0.26824959850592506,0.2218394631853062,-0.9545231639623655,-0.1991802752104988,-0.30999567359239666,0.1246327063234861,-0.9425334852770376,6.141131859874678,0.5617279126842756,1.7569563668324006,18.0
0.9247844020554039,0.2654190332757519,-0.27262895387319797,0.21738822959360835,-0.9566269784855328,-0.19392571172435216,-0.3122757873245788,0.12007314774172156,-0.942372682033074,6.0984215587303225,0.550215465469025,1.775509278636028,16.0
0.9251409335775329,0.25903646696509425,-0.2775146154737306,0.21217764880032752,-0.9590108946404272,-0.18782638076301147,-0.31479342173694763,0.11488347463063851,-0.9421819828928678,6.049960460896504,0.5364840764954404,1.7965321750501637,19.0
0.9254823128323013,0.25301263988427725,-0.28189908246279133,0.2073030865730926,-0.9611782465252172,-0.18210384044269176,-0.31702983918212413,0.11009533353188727,-0.942003767828271,6.005461315501766,0.5233158766400553,1.8158344937075128,20.0
0.9258634290099242,0.2467651379439916,-0.28615359078206215,0.20227113755532697,-0.9633344592055826,-0.17627565520843053,-0.3191603009994494,0.10532657025921939,-0.9418296108444302,5.96109687360075,0.5095700443149053,1.8351987598979074,20.0
0.9263196997899786,0.2396727469561255,-0.29066955146266893,0.1965700058315328,-0.9656730809053649,-0.16981087604194103,-0.32139080041033424,0.10016224429017827,-0.9416344716663464,5.912989219466935,0.4931926668916866,1.8561916712557447,28.0
0.9267470365246459,0.23258777593321128,-0.2950302641750996,0.190956084598952,-0.9679300161306432,-0.16323987756663552,-0.32353624842886547,0.09494424869245408,-0.9414403250301109,5.864917883161816,0.4776635383734591,1.877294381078019,29.0
0.9272216092915194,0.22517065841912065,-0.2992628641344344,0.1850787654265092,-0.970176046196274,-0.15653846164813356,-0.32558553077654495,0.089758642893399,-0.9412425023206777,5.816964334565947,0.4607036921053084,1.898302698025538,28.0
0.9276902912075863,0.21812444321704236,-0.3030056944521656,0.1795057062625764,-0.9722099915220918,-0.15028450952705627,-0.32736588859922067,0.08502622922292567,-0.9410643523828608,5.772990504933037,0.44454281591670874,1.917691556874765,20.0
0.9281442964034331,0.21124476893662386,-0.306469921282152,0.174086455804856,-0.9741123099170731,-0.14421897785426047,-0.3290016275933601,0.08050375932176183,-0.9408916376373976,5.730975231512332,0.4286659153173743,1.936239714675485,16.0
0.9286291914808731,0.20385675960603797,-0.3099842678145236,0.16827916668222676,-0.9760635537677357,-0.13777540080520193,-0.33065079281670506,0.07577836478325971,-0.9407059543983229,5.687123508204847,0.4114872166159641,1.9555921722110359,18.0
0.929130497970813,0.1963234475126583,-0.313326701219755,0.16238140700850046,-0.9779604401909076,-0.13124654692427404,-0.332187893214742,0.07106673890330459,-0.9405321484261985,5.643386080086861,0.39386040077035467,1.9751317927859122,20.0
0.9296193400410173,0.18892626075202185,-0.3164091506577559,0.15658677946998914,-0.9797304335393461,-0.1249354156835516,-0.33359925527033235,0.06659688877916081,-0.9403597137734132,5.601664775223395,0.37646725709703915,1.993708774754559,20.0
0.9301483314612884,0.18101219466118906,-0.31946622178834694,0.15039692451829853,-0.981528159091245,-0.11825074209656644,-0.33496991891096534,0.06194399321073235,-0.940190456838342,5.558141745828562,0.35786528844439813,2.013241525238777,19.0
0.9305952665949553,0.17284694030691414,-0.32267070678572896,0.1439634516804782,-0.9832788339706174,-0.11152246072260581,-0.33655159243614696,0.057329485362425756,-0.9399182707750567,5.515170258318347,0.33801530153291903,2.031503021514065,21.0
0.9311908041904203,0.16503414969188102,-0.3250344837500723,0.13791845474521955,-0.9848687449051022,-0.10493833975120478,-0.3374347137327293,0.052889363245611797,-0.9398619734958878,5.473208473367993,0.31994662360575177,2.051583547667011,18.0
0.9317980638874489,0.15553607119034715,-0.3279647827042919,0.13051437123586188,-0.9866783856129904,-0.09711726038686724,-0.3387009994619293,0.047689557796379387,-0.9396847019296826,5.424317094598171,0.29726728457445917,2.07380651868377,25.0
0.9323371498800084,0.1469255132376508,-0.3303942077480714,0.123787753595679,-0.9882063936572427,-0.09013720427593676,-0.3397411235240125,0.04313950735462114,-0.9395291117851763,5.381089678102143,0.2767419874835842,2.0935273459563084,19.0
0.9328671204080403,0.13816637112399136,-0.33266948996269335,0.11695407920565325,-0.9896571061136871,-0.08306958333734314,-0.34070614760929796,0.03858582912300194,-0.9393776954836229,5.337978858916893,0.2556218742055595,2.113247530337965,22.0
0.9333766665576624,0.12963592391686596,-0.33466778386323237,0.11028556515134424,-0.9909687386065512,-0.0762761641916334,-0.3415334426450143,0.034285366189687194,-0.9392440690365225,5.29682971689394,0.23514886535422092,2.132219107889039,17.0
0.9339481455246362,0.11972791450177404,-0.3367582039982828,0.10252400518172645,-0.9923703246270551,-0.06848333491507694,-0.34238821509010864,0.029434083791569803,-0.9390974096858965,5.250159921903027,0.21131880250553686,2.1538294716720228,28.0
0.9344662364865638,0.11049264313685599,-0.3384733795725578,0.09529151748828193,-0.9935626893878821,-0.06125935806959646,-0.34306322968429276,0.024991159816022346,-0.9389797987015654,5.207413631926695,0.18901814084063479,2.1738576761019535,18.0
0.9349692929312381,0.10107089217108174,-0.3400251402931878,0.08788634812723348,-0.9946658681000566,-0.05399815413159294,-0.3436690429592389,0.02060304813618896,-0.938864795015224,5.164607301517984,0.16631442851167028,2.1939049794059113,20.0
0.9354372007372055,0.09192232440032899,-0.3413319934518028,0.08068252649547014,-0.9956304813108222,-0.047013557651890636,-0.34416213242489146,0.016438703161155078,-0.9387663157799871,5.123770015952727,0.14416100178776114,2.2131423336899823,18.0
0.9359429332284573,0.08137999770085082,-0.34261949990320295,0.07237328886122771,-0.9966142484670061,-0.03901469994699286,-0.3446344915981575,0.011719032671432768,-0.9386638010886141,5.077442216517066,0.11858792884462048,2.23506983832169,27.0
0.9364244979410608,0.07065753870888343,-0.3436810612754724,0.06388884882240507,-0.9974756038468485,-0.030994107932192896,-0.3450034415074438,0.00706625459258239,-0.9385748203494768,5.031201418594617,0.09257002897798292,2.2570927449662666,40.0
0.9369872823741436,0.057089231535605425,-0.3446674517731417,0.0531089506603205,-0.9983681536127923,-0.020987358374589312,-0.3453031595987452,0.0013599611971804914,-0.938490212243402,4.974018149063621,0.059589612926338506,2.2845667977406943,27.0
0.937365125264572,0.04689899612957087,-0.345176919998675,0.044991093666841175,-0.9988956084869012,-0.013541227279859227,-0.34543077950349876,-0.0028368129338708433,-0.9384399443033016,4.9316587295744085,0.03477006992953195,2.305080258126468,20.0
0.9377703541687972,0.03473014524066549,-0.3455149488136385,0.03525147502599148,-0.9993670586566203,-0.004776565764958335,-0.34546214894054716,-0.00770058982009517,-0.9384010893886484,4.88198230868725,0.005097523331129973,2.329223448672965,28.0
0.9379817990726802,0.027642720827808748,-0.3455807063387855,0.029553133098198882,-0.9995631771021337,0.00025943316755430566,-0.3454225773345718,-0.010456336199841425,-0.9383889961528842,4.853488241582383,-0.01212565370168379,2.3431169069299687,19.0
0.9379817990726802,0.027642720827808748,-0.3455807063387855,0.029553133098198882,-0.9995631771021337,0.00025943316755430566,-0.3454225773345718,-0.010456336199841425,-0.9383889961528842,4.853488241582383,-0.01212565370168379,2.3431169069299687,25.0
0.9379817990726802,0.027642720827808748,-0.3455807063387855,0.029553133098198882,-0.9995631771021337,0.00025943316755430566,-0.3454225773345718,-0.010456336199841425,-0.9383889961528842,4.853488241582383,-0.01212565370168379,2.3431169069299687,21.0
0.9379817990726802,0.027642720827808748,-0.3455807063387855,0.029553133098198882,-0.9995631771021337,0.00025943316755430566,-0.3454225773345718,-0.010456336199841425,-0.9383889961528842,4.853488241582383,-0.01212565370168379,2.3431169069299687,19.0
0.9379817990726802,0.027642720827808748,-0.3455807063387855,0.029553133098198882,-0.9995631771021337,0.00025943316755430566,-0.3454225773345718,-0.010456336199841425,-0.9383889961528842,4.853488241582383,-0.01212565370168379,2.3431169069299687,17.0
0.9379817990726802,0.027642720827808748,-0.3455807063387855,0.029553133098198882,-0.9995631771021337,0.00025943316755430566,-0.3454225773345718,-0.010456336199841425,-0.9383889961528842,4.853488241582383,-0.01212565370168379,2.3431169069299687,18.0
0.9379817990726802,0.027642720827808748,-0.3455807063387855,0.029553133098198882,-0.9995631771021337,0.00025943316755430566,-0.3454225773345718,-0.010456336199841425,-0.9383889961528842,4.853488241582383,-0.01212565370168379,2.3431169069299687,27.0
0.9379817990726802,0.027642720827808748,-0.3455807063387855,0.029553133098198882,-0.9995631771021337,0.00025943316755430566,-0.3454225773345718,-0.010456336199841425,-0.9383889961528842,4.853488241582383,-0.01212565370168379,2.3431169069299687,20.0
0.9379817990726802,0.027642720827808748,-0.3455807063387855,0.029553133098198882,-0.9995631771021337,0.00025943316755430566,-0.3454225773345718,-0.010456336199841425,-0.9383889961528842,4.853488241582383,-0.01212565370168379,2.3431169069299687,20.0
0.9379817990726802,0.027642720827808748,-0.3455807063387855,0.029553133098198882,-0.9995631771021337,0.00025943316755430566,-0.3454225773345718,-0.010456336199841425,-0.9383889961528842,4.853488241582383,-0.01212565370168379,2.3431169069299687,22.0
0.9379817990726802,0.027642720827808748,-0.3455807063387855,0.029553133098198882,-0.9995631771021337,0.00025943316755430566,-0.3454225773345718,-0.010456336199841425,-0.9383889961528842,4.853488241582383,-0.01212565370168379,2.3431169069299687,27.0
0.9379817990726802,0.027642720827808748,-0.3455807063387855,0.029553133098198882,-0.9995631771021337,0.00025943316755430566,-0.3454225773345718,-0.010456336199841425,-0.9383889961528842,4.853488241582383,-0.01212565370168379,2.3431169069299687,28.0
0.9379817990726802,0.027642720827808748,-0.3455807063387855,0.029553133098198882,-0.9995631771021337,0.00025943316755430566,-0.3454225773345718,-0.010456336199841425,-0.9383889961528842,4.853488241582383,-0.01212565370168379,2.3431169069299687,18.0
0.9379817990726802,0.027642720827808748,-0.3455807063387855,0.029553133098198882,-0.9995631771021337,0.00025943316755430566,-0.3454225773345718,-0.010456336199841425,-0.9383889961528842,4.853488241582383,-0.01212565370168379,2.3431169069299687,17.0
0.9379817990726802,0.027642720827808748,-0.3455807063387855,0.029553133098198882,-0.9995631771021337,0.00025943316755430566,-0.3454225773345718,-0.010456336199841425,-0.9383889961528842,4.853488241582383,-0.01212565370168379,2.3431169069299687,18.0
0.9379817990726802,0.027642720827808748,-0.3455807063387855,0.029553133098198882,-0.9995631771021337,0.00025943316755430566,-0.3454225773345718,-0.010456336199841425,-0.9383889961528842,4.853488241582383,-0.01212565370168379,2.3431169069299687,19.0
0.9379817990726802,0.027642720827808748,-0.3455807063387855,0.029553133098198882,-0.9995631771021337,0.00025943316755430566,-0.3454225773345718,-0.010456336199841425,-0.9383889961528842,4.853488241582383,-0.01212565370168379,2.3431169069299687,19.0
0.9379817990726802,0.027642720827808748,-0.3455807063387855,0.029553133098198882,-0.9995631771021337,0.00025943316755430566,-0.3454225773345718,-0.010456336199841425,-0.9383889961528842,4.853488241582383,-0.01212565370168379,2.3431169069299687,18.0
